250 1479008272901259
500 90359
750 91054
1000 91257
1250 91882
1500 91993
1750 92276
2000 92455
2250 92616
2500 92794
2750 92971
3000 93148
3250 93305
3500 93454
3750 93609
4000 93760
4250 93910
4500 94057
4750 94206
5000 94362
5250 94496
5500 94635
5750 94772
6000 94911
6250 95046
6500 95179
6750 95309
7000 95447
7250 95581
7500 95709
7750 95841
8000 95972
8250 96142
8500 96251
8750 96306
9000 96444
9250 96626
9500 96753
9750 96876
10000 97007
10250 97133
10500 97256
10750 97384
11000 97506
11250 97636
11500 97762
11750 97900
12000 97982
12250 98054
12500 98256
12750 98392
13000 98512
13250 98641
13500 98760
13750 98889
14000 99026
14250 99087
14500 99228
14750 99396
15000 99499
15250 99573
15500 99670
15750 99893
16000 99993
16250 100067
16500 100163
16750 100383
17000 100478
17250 100558
17500 100655
17750 100866
18000 100970
18250 101027
18500 101170
18750 101346
19000 101442
19250 101530
19500 101627
19750 101844
20000 101954
20250 102064
20500 102128
20750 102275
21000 102453
21250 102546
21500 102618
21750 102753
22000 102906
22250 103035
22500 103156
22750 103277
23000 103397
23250 103519
23500 103641
23750 103761
24000 103883
24250 103999
24500 104141
24750 104250
25000 104317
25250 104438
25500 104641
25750 104708
26000 104776
26250 104966
26500 105100
26750 105218
27000 105285
27250 105407
27500 105580
27750 105704
28000 105828
28250 105950
28500 106074
28750 106201
29000 106327
29250 106447
29500 106572
29750 106695
30000 106819
30250 106945
30500 107070
30750 107196
31000 107310
31250 107443
31500 107575
31750 107705
32000 107832
32250 107961
32500 108089
32750 108226
33000 108364
33250 108494
33500 108625
33750 108756
34000 108887
34250 109019
34500 109153
34750 109288
35000 109422
35250 109559
35500 109695
35750 109831
36000 109967
36250 110106
36500 110263
36750 110400
37000 110554
37250 110694
37500 110854
37750 111012
38000 111201
38250 111340
38500 111524
38750 111709
39000 111903
39250 112181
39500 112492
39750 112850
40000 113496
40000 203718
40000 293965
40000 384189
40000 474374
40000 564578
40000 654777
40000 745007
40000 835200
40000 925475
40000 1015654
40000 1105942
40000 1196160
40000 1286396
40000 1376588
40000 1466798
40000 1557026
40000 1647242
40000 1737459
40000 1827620
40000 1917867
40000 2008060
40000 2098310
40000 2188518
40000 2278795
40000 2368969
40000 2459125
39750 2549324
39250 2639534
38750 2729757
38250 2819942
37750 2910160
37250 3000316
36750 3090550
36250 3180757
35750 3271009
35250 3361180
34750 3451400
34250 3541630
33750 3631902
33250 3722054
33000 3812307
32500 3902502
32000 3992705
31500 4082941
31000 4173156
30500 4263380
30000 4353553
29500 4443824
29000 4534055
28500 4624297
28000 4714469
27500 4804705
27000 4894935
26500 4985203
26000 5075361
25500 5165509
25000 5255695
24500 5345908
24000 5436119
23500 5526209
23000 5616463
22500 5706683
22000 5796930
21500 5887114
21000 5977336
20500 6067581
20000 6157778
19750 6248030
19250 6338273
19250 6366154
19500 6375372
19500 6380948
19750 6385356
20000 6389080
20250 6392509
20500 6395871
20750 6399579
21000 6404009
21000 6410392
21250 6426953
20750 6517167
20250 6607448
19750 6697726
19250 6787939
19250 6815893
19500 6825090
19750 6830643
19750 6835049
20000 6839103
20250 6842800
20500 6846466
20750 6850504
21000 6855527
21250 6863047
21250 6890954
20750 6981186
20250 7071424
19750 7161651
19250 7251867
19250 7279755
19500 7288995
19750 7294490
20000 7298951
20250 7302975
20500 7307054
20500 7311488
20750 7317058
21000 7324594
21000 7341125
20750 7431343
20250 7521580
19750 7611782
19250 7702000
19250 7729912
19500 7739118
19750 7744729
20000 7749167
20000 7753213
20250 7757248
20500 7761275
20750 7765716
21000 7771321
21250 7780525
20750 7870740
20250 7960952
19750 8051161
19250 8141412
19250 8169399
19250 8178636
19500 8184247
19750 8188301
20000 8191675
20250 8194884
20500 8198080
20750 8201519
21000 8205547
21000 8211205
21250 8223049
20750 8313232
20250 8403438
19750 8493645
19500 8583868
19500 8611723
19500 8623560
19750 8631053
20000 8636649
20250 8641561
20500 8646508
20500 8652132
20750 8659634
21000 8671462
20500 8761657
20000 8851919
19500 8942243
19000 9032431
19000 9048968
19250 9055421
19500 9059456
19750 9062651
20000 9065401
20250 9068095
20500 9070708
20750 9073510
20750 9076748
21000 9080754
21250 9086332
21500 9098176
21000 9188405
20500 9278564
20000 9368687
19500 9458950
19000 9549200
19250 9565676
19500 9572098
19750 9576537
19750 9580255
20000 9583669
20250 9586842
20500 9590033
20750 9593452
21000 9597497
21250 9603070
21250 9614819
20750 9704973
20250 9795286
19750 9885491
19250 9975712
19250 10003608
19500 10012777
19750 10018385
20000 10022830
20250 10026833
20500 10030872
20500 10035307
20750 10040886
21000 10048448
21000 10064966
20750 10155241
20250 10245476
19750 10335652
19250 10425872
19250 10453777
19500 10463007
19750 10468622
20000 10473085
20250 10477132
20250 10481187
20500 10485613
20750 10490563
21000 10496977
21250 10508762
20750 10598983
20250 10689207
19750 10779450
19250 10869714
19250 10897700
19500 10906906
19750 10912439
20000 10916919
20250 10921018
20250 10925031
20500 10929502
20750 10934420
21000 10940807
21250 10952561
20750 11042846
20250 11133027
19750 11223252
19250 11313460
19250 11341395
19250 11350566
19500 11356147
19750 11360130
20000 11363634
20250 11366799
20500 11369979
20750 11373411
21000 11377445
21000 11382953
21250 11394762
20750 11484951
20250 11575189
19750 11665415
19500 11755684
19500 11783605
19500 11795383
19750 11802911
20000 11808465
20250 11813441
20500 11818385
20500 11823969
20750 11831516
21000 11843318
20500 11933537
20000 12023725
19500 12113928
19250 12204230
19250 12220797
19500 12228375
19750 12233295
19750 12237306
20000 12240895
20250 12244347
20500 12247727
20750 12251507
21000 12255957
21250 12262365
21250 12278927
20750 12369162
20250 12459395
19750 12549634
19250 12639864
19250 12667744
19500 12677013
19750 12682498
20000 12686938
20000 12690986
20250 12695006
20500 12699032
20750 12703473
21000 12709060
21250 12718263
20750 12808473
20250 12898667
19750 12988983
19250 13079196
19250 13107162
19500 13116409
19750 13121997
20000 13126454
20250 13130473
20250 13134545
20500 13138965
20750 13143889
21000 13150278
21250 13162128
20750 13252319
20250 13342562
19750 13432862
19250 13522994
19250 13550877
19250 13560147
19500 13565760
19750 13569848
20000 13573337
20250 13576542
20500 13579761
20750 13583205
21000 13587251
21000 13592854
21250 13604707
20750 13694909
20250 13785147
19750 13875400
19500 13965553
19500 13993393
19500 14005305
19750 14012797
20000 14018311
20250 14023332
20500 14028280
20500 14033826
20750 14041331
21000 14053254
20500 14143446
20000 14233649
19500 14323864
19000 14414026
19000 14430465
19250 14436866
19500 14440746
19750 14443855
20000 14446645
20250 14449089
20500 14451749
20750 14454432
20750 14457453
21000 14461504
21250 14466986
21500 14478723
21000 14568870
20500 14659095
20000 14749301
19500 14839480
19000 14929779
19250 14946282
19500 14952660
19750 14957099
19750 14960813
20000 14964253
20250 14967400
20500 14970496
20750 14973989
21000 14978018
21250 14983600
21250 14995436
20750 15085635
20250 15175851
19750 15266022
19250 15356263
19250 15384115
19500 15393365
19750 15398924
20000 15403366
20250 15407404
20500 15411444
20500 15415851
20750 15421429
21000 15429002
21000 15445579
20750 15535803
20250 15626012
19750 15716161
19250 15806504
19250 15834345
19500 15843457
19750 15849063
20000 15853520
20250 15857580
20250 15861618
20500 15866064
20750 15870992
21000 15877381
21250 15889235
20750 15979436
20250 16069629
19750 16159863
19250 16250032
19250 16277937
19500 16287161
19750 16292658
20000 16297213
20250 16301228
20500 16305210
20500 16309703
20750 16315286
21000 16322835
21000 16339439
20500 16429650
20000 16519800
19500 16610090
19000 16700306
19250 16716885
19500 16723294
19750 16727701
19750 16731427
20000 16734867
20250 16738074
20500 16741200
20750 16744578
21000 16748646
21250 16754225
21250 16766088
20750 16856268
20250 16946434
20000 17036659
19500 17126873
19000 17217085
19000 17233728
19250 17240127
19500 17244191
19750 17247354
20000 17250140
20250 17252751
20500 17255339
20750 17258114
21000 17261336
21000 17265283
21250 17271700
21500 17288204
21000 17378525
20500 17468722
20000 17558850
19500 17649081
19000 17739314
19000 17755891
19250 17762426
19500 17766346
19750 17769537
20000 17772294
20250 17774950
20500 17777559
20750 17780271
21000 17783451
21000 17787599
21250 17793911
21500 17810480
21000 17900679
20500 17990960
20000 18081282
19500 18171331
19000 18261637
19250 18278096
19500 18284593
19750 18289000
19750 18292693
20000 18296118
20250 18299244
20500 18302424
20750 18305861
21000 18309842
21250 18315499
21250 18327241
20750 18417511
20250 18507717
19750 18597878
19250 18688072
19250 18715927
19500 18725132
19750 18730696
20000 18735125
20250 18739175
20500 18743269
20500 18747620
20750 18753228
21000 18760873
21000 18777423
20500 18867678
20250 18957740
19750 19047927
19250 19138130
19250 19165985
19500 19175167
19750 19180806
20000 19185212
20250 19189209
20250 19193282
20500 19197709
20750 19202659
21000 19209123
21250 19220872
20750 19311213
20250 19401400
19750 19491611
19250 19581829
19250 19609727
19500 19618910
19750 19624449
20000 19628868
20250 19632911
20500 19636951
20500 19641406
20750 19646980
21000 19654531
21000 19671069
20500 19761291
20000 19851503
19500 19941711
19000 20031887
19250 20048386
19500 20054718
19750 20059176
19750 20062857
20000 20066212
20250 20069414
20500 20072613
20750 20076009
21000 20080083
21250 20085639
21250 20097458
20750 20187755
20250 20277851
20000 20368125
19500 20458209
19000 20548423
19000 20565019
19250 20571390
19500 20575408
19750 20578603
20000 20581388
20250 20584016
20500 20586664
20750 20589468
21000 20592646
21000 20596678
21250 20603099
21500 20619671
21000 20709851
20500 20800077
20000 20890331
19500 20980515
19000 21070753
19000 21087282
19250 21093737
19500 21097779
19750 21100970
20000 21103766
20250 21106397
20500 21109009
20750 21111739
20750 21114926
21000 21118961
21250 21124481
21500 21136304
21000 21226568
20500 21316816
20000 21407016
19750 21497188
19250 21587464
19250 21615409
19500 21624625
19750 21630211
19750 21634712
20000 21638720
20250 21642407
20500 21646159
20750 21650189
21000 21655107
21250 21662630
21250 21690493
20750 21780710
20250 21870956
19750 21961162
19250 22051404
19250 22079319
19500 22088522
19750 22094105
19750 22098503
20000 22102609
20250 22106318
20500 22109999
20750 22114036
21000 22118990
21000 22126570
21250 22154438
20750 22244678
20250 22334919
19750 22425121
19250 22515356
19250 22543258
19500 22552526
19500 22558087
19750 22562500
20000 22566303
20250 22569698
20500 22573071
20750 22576799
21000 22581261
21000 22587784
21250 22604348
20750 22694551
20250 22784728
19750 22874994
19500 22965175
19500 22993101
19500 23004948
19750 23012504
20000 23018043
20250 23023070
20250 23027982
20500 23033556
20750 23040023
21000 23049132
21000 23077028
20500 23167254
20000 23257492
19500 23347704
19000 23437936
19000 23454500
19250 23460924
19500 23464907
19750 23468079
20000 23470849
20250 23473465
20500 23476105
20750 23478890
20750 23482011
21000 23486049
21250 23491628
21500 23503436
21000 23593693
20500 23683906
20000 23774143
19750 23864283
19250 23954405
19250 23982249
19500 23991416
19500 23996913
19750 24001271
20000 24004904
20250 24008234
20500 24011516
20750 24015200
21000 24019553
21000 24025846
21250 24042293
20750 24132584
20250 24222752
19750 24312943
19250 24403099
19250 24430982
19500 24440120
19750 24445664
20000 24450027
20000 24453969
20250 24457900
20500 24461915
20750 24466286
21000 24471829
21250 24481016
20750 24571236
20250 24661471
19750 24751646
19250 24841912
19250 24869864
19500 24879078
19750 24884679
20000 24889098
20000 24893143
20250 24897190
20500 24901211
20750 24905580
21000 24911196
21250 24920428
20750 25010622
20250 25100866
19750 25191110
19250 25281232
19250 25309079
19500 25318340
19750 25323901
20000 25328352
20250 25332357
20500 25336397
20500 25340842
20750 25346406
21000 25353974
21000 25370572
20500 25460736
20250 25550910
19750 25641245
19250 25731422
19250 25759364
19250 25768520
19500 25774084
19750 25778036
20000 25781554
20250 25784657
20500 25787845
20750 25791292
20750 25795329
21000 25800886
21250 25810062
20750 25900264
20250 25990402
19750 26080712
19500 26170985
19500 26198861
19500 26210707
19750 26218217
20000 26223811
20250 26228750
20500 26233684
20750 26239269
20750 26246836
21000 26263394
20500 26353613
20000 26443834
19500 26534019
19000 26624309
19250 26640867
19500 26647301
19750 26651759
19750 26655435
20000 26658867
20250 26662054
20500 26665155
20750 26668540
21000 26672566
21250 26678164
21250 26689986
20750 26780160
20250 26870384
19750 26960650
19250 27050820
19500 27078691
19500 27087901
19750 27094348
20000 27099240
20250 27103651
20500 27108097
20500 27113030
20750 27119461
21000 27128711
21000 27156508
20500 27246877
20000 27337053
19500 27427296
19250 27517483
19250 27534047
19500 27541597
19750 27546465
20000 27550528
20000 27554301
20250 27557941
20500 27561649
20750 27565630
21000 27570569
21250 27578120
21250 27606078
20750 27696290
20250 27786548
19750 27876762
19250 27967033
19250 27994946
19500 28004162
19750 28009727
20000 28014127
20250 28018091
20500 28022158
20500 28026605
20750 28032184
21000 28039701
21000 28056273
20500 28146840
20250 28236743
19750 28326963
19250 28417085
19250 28444997
19250 28454232
19500 28459819
19750 28463885
20000 28467276
20250 28470468
20500 28473567
20750 28477004
20750 28481023
21000 28486597
21250 28495800
20750 28585962
20250 28676208
19750 28766393
19500 28856612
19500 28884521
19500 28896414
19750 28903998
20000 28909591
20250 28914551
20250 28919530
20500 28925066
20750 28931477
21000 28940665
21000 28968587
20500 29058781
20000 29148918
19500 29239170
19000 29329377
19000 29345938
19250 29352355
19500 29356387
19750 29359550
20000 29362316
20250 29364951
20500 29367569
20750 29370286
21000 29373437
21000 29377451
21250 29383902
21500 29400477
21000 29490621
20500 29580694
20000 29671022
19500 29761186
19250 29851451
19250 29868020
19500 29875564
19750 29880500
20000 29884519
20000 29888221
20250 29891843
20500 29895588
20750 29899568
21000 29904535
21250 29912078
21250 29939979
20750 30030112
20250 30120329
19750 30210458
19250 30300756
19250 30328596
19500 30337816
19750 30343393
20000 30347795
20250 30351774
20250 30355816
20500 30360254
20750 30365139
21000 30371542
21250 30383322
20750 30473489
20250 30563786
19750 30654002
19250 30744245
19250 30772142
19500 30781324
19500 30786897
19750 30791354
20000 30795025
20250 30798448
20500 30801845
20750 30805576
21000 30810018
21000 30816446
21250 30832948
20750 30923159
20250 31013307
19750 31103637
19250 31193878
19250 31221802
19500 31230971
19750 31236500
20000 31241002
20000 31245032
20250 31249042
20500 31253052
20750 31257508
21000 31263072
21000 31272267
20750 31362407
20250 31452599
19750 31542785
19250 31632983
19250 31660961
19500 31670141
19750 31675687
20000 31680088
20000 31684151
20250 31688221
20500 31692234
20750 31696716
21000 31702238
21000 31711514
20750 31801678
20250 31891860
19750 31982112
19250 32072320
19250 32100227
19250 32109488
19500 32115109
19750 32119171
20000 32122562
20250 32125724
20500 32128906
20750 32132341
20750 32136374
21000 32141958
21250 32151168
20750 32241382
20250 32331543
19750 32421749
19500 32511974
19500 32539869
19500 32551689
19750 32559244
20000 32564812
20250 32569728
20500 32574663
20500 32580241
20750 32587795
21000 32599618
20500 32689805
20000 32780027
19500 32870273
19250 32960536
19250 32977041
19500 32984545
19750 32989483
19750 32993551
20000 32997247
20250 33000659
20500 33004084
20750 33007731
21000 33012135
21250 33018475
21250 33035120
20750 33125238
20250 33215449
19750 33305680
19250 33395921
19250 33423786
19500 33432986
19750 33438578
20000 33443066
20250 33447061
20250 33451110
20500 33455548
20750 33460471
21000 33466843
21000 33478666
20750 33568878
20250 33659067
19750 33749249
19250 33839405
19250 33867317
19500 33876404
19750 33881984
20000 33886414
20000 33890422
20250 33894425
20500 33898455
20750 33902945
21000 33908443
21250 33917627
20750 34007765
20250 34097992
19750 34188163
19250 34278394
19250 34306270
19250 34315453
19500 34321012
19750 34325019
20000 34328400
20250 34331537
20500 34334675
20750 34338048
21000 34342090
21000 34347672
21250 34359481
20750 34449702
20250 34539898
19750 34630122
19500 34720328
19500 34748212
19500 34760074
19750 34767638
20000 34773164
20250 34778066
20500 34782954
20500 34788529
20750 34796015
21000 34807849
20500 34897984
20000 34988175
19500 35078388
19000 35168627
19000 35185060
19250 35191492
19500 35195543
19750 35198634
20000 35201436
20250 35204072
20500 35206702
20750 35209457
21000 35212606
21000 35216575
21250 35222971
21500 35239544
21000 35329657
20500 35419890
20000 35510109
19500 35600317
19000 35690577
19250 35707157
19500 35713555
19750 35718004
19750 35721669
20000 35725120
20250 35728317
20500 35731476
20750 35734897
21000 35738945
21250 35744506
21250 35756320
21000 35846570
20500 35936685
20000 36026958
19500 36117166
19000 36207327
19250 36223920
19250 36230356
19500 36234713
19750 36238158
20000 36241118
20250 36243894
20500 36246696
20750 36249619
21000 36253020
21000 36257413
21250 36264904
21250 36292752
20750 36382922
20250 36473107
19750 36563360
19250 36653600
19250 36681492
19500 36690769
19750 36696347
20000 36700805
20250 36704829
20500 36708866
20500 36713283
20750 36718868
21000 36726441
21000 36743021
20500 36833737
20250 36923416
19750 37013623
19250 37103832
19250 37131764
19250 37140984
19500 37146613
19750 37150637
20000 37154057
20250 37157266
20500 37160429
20750 37163856
21000 37167921
21000 37173500
21250 37185302
20750 37275501
20250 37365584
19750 37455790
19250 37545993
19500 37573882
19500 37583101
19750 37589476
20000 37594390
20250 37598787
20500 37603146
20500 37608042
20750 37614390
21000 37623543
21000 37651400
20500 37741622
20000 37831855
19750 37922094
19250 38012318
19250 38040205
19500 38049346
19750 38054942
19750 38059307
20000 38063313
20250 38067060
20500 38070784
20750 38074824
21000 38079775
21250 38087313
21250 38115170
20750 38205373
20250 38295554
19750 38385736
19250 38475931
19250 38503853
19500 38513033
19500 38518786
19750 38523047
20000 38526735
20250 38530173
20500 38533552
20750 38537251
21000 38541714
21250 38548105
21250 38564688
20750 38654844
20250 38745038
19750 38835247
19250 38925429
19500 38953305
19500 38962507
19750 38968886
20000 38973825
20250 38978270
20500 38982713
20500 38987660
20750 38994026
21000 39003314
21000 39031183
20500 39121399
20000 39211593
19750 39301809
19250 39392067
19250 39420000
19500 39429131
19750 39434653
19750 39439089
20000 39443117
20250 39446769
20500 39450412
20750 39454362
21000 39459303
21000 39466842
21250 39494764
20750 39584884
20250 39675004
19750 39765234
19250 39855403
19250 39883295
19250 39892505
19500 39898100
19750 39902116
20000 39905441
20250 39908674
20500 39911881
20750 39915304
21000 39919354
21000 39924911
21250 39936743
20750 40026977
20250 40117094
19750 40207349
19250 40297626
19500 40325443
19500 40334685
19750 40341098
20000 40346001
20250 40350440
20500 40354893
20500 40359820
20750 40366256
21000 40375440
21000 40403322
20500 40493551
20250 40583669
19750 40673932
19250 40764105
19250 40792077
19500 40801261
19750 40806838
19750 40811301
20000 40815306
20250 40818949
20500 40822676
20750 40826671
21000 40831612
21250 40839196
21250 40867052
20750 40957227
20250 41047388
19750 41137552
19250 41227845
19250 41255693
19500 41264874
19500 41270432
19750 41274870
20000 41278575
20250 41281905
20500 41285292
20750 41288991
21000 41293416
21000 41299797
21250 41316404
20750 41406628
20250 41496836
19750 41587033
19250 41677209
19250 41705487
19500 41714253
19750 41719853
20000 41724272
20250 41728290
20500 41732328
20500 41736761
20750 41742346
21000 41749914
21250 41766481
20750 41856729
20250 41946932
19750 42037107
19250 42127325
19500 42155265
19500 42164468
19750 42170917
20000 42175841
20250 42180279
20500 42184748
20500 42189663
20750 42196087
21000 42205216
21000 42233145
20500 42323358
20000 42413547
19500 42503745
19000 42593974
19250 42610485
19250 42616865
19500 42621282
19750 42624823
20000 42627772
20250 42630545
20500 42633341
20750 42636330
21000 42639741
21000 42644173
21250 42651725
21250 42679575
20750 42769764
20250 42860007
20000 42950188
19500 43040466
19000 43130675
19000 43147268
19250 43153686
19500 43157716
19750 43160897
20000 43163701
20250 43166333
20500 43168984
20750 43171787
20750 43174880
21000 43179049
21250 43184597
21500 43196416
21000 43286625
20500 43376819
20250 43467014
19750 43557249
19250 43647491
19250 43675450
19500 43684581
19500 43690264
19750 43694714
20000 43698310
20250 43701765
20500 43705152
20750 43708822
21000 43713284
21000 43719697
21250 43736282
20750 43826560
20250 43916794
19750 44006996
19250 44097172
19250 44125105
19500 44134332
19750 44139931
19750 44144334
20000 44148296
20250 44152023
20500 44155695
20750 44159728
21000 44164672
21250 44172234
21250 44200146
20750 44290361
20250 44380574
19750 44470777
19250 44560984
19500 44588822
19500 44598059
19750 44604451
20000 44609372
20250 44613771
20500 44618200
20500 44623170
20750 44629533
21000 44638724
21000 44666575
20500 44756800
20250 44847068
19750 44937320
19250 45027493
19250 45055427
19250 45064631
19500 45070246
19750 45074241
20000 45077602
20250 45080888
20500 45084050
20750 45087439
20750 45091505
21000 45097034
21250 45106264
20750 45196560
20250 45286680
19750 45376873
19250 45467086
19250 45494985
19500 45504196
19750 45509806
20000 45514273
20000 45518278
20250 45522355
20500 45526383
20750 45530821
21000 45536366
21000 45545583
20750 45635812
20250 45726073
19750 45816282
19250 45906374
19250 45934282
19500 45943516
19750 45949072
20000 45953471
20250 45957506
20500 45961543
20500 45965945
20750 45971530
21000 45979090
21000 45995650
20750 46085906
20250 46176242
19750 46266439
19250 46356711
19250 46384598
19500 46393886
19750 46399508
19750 46404033
20000 46408115
20250 46411861
20500 46415630
20750 46419698
21000 46424690
21000 46432265
21250 46460186
20750 46550519
20250 46640713
19750 46730967
19250 46821137
19250 46848987
19500 46858207
19750 46863798
19750 46868238
20000 46872261
20250 46875975
20500 46879672
20750 46883682
21000 46888551
21250 46896101
21250 46924021
20750 47014333
20250 47104482
19750 47194683
19250 47284940
19250 47312712
19500 47321967
19750 47327542
20000 47331958
20250 47335947
20250 47339962
20500 47344416
20750 47349284
21000 47355747
21250 47367569
20750 47457724
20250 47547960
19750 47638200
19250 47728406
19250 47756315
19500 47765513
19750 47771088
20000 47775534
20250 47779543
20250 47783544
20500 47787890
20750 47792868
21000 47799274
21250 47811087
20750 47901269
20250 47991474
19750 48081633
19250 48171822
19250 48199783
19250 48208837
19500 48214440
19750 48218564
20000 48221996
20250 48225140
20500 48228257
20750 48231675
21000 48235683
21000 48241211
21250 48253112
20750 48343275
20500 48433524
20000 48523744
19500 48613971
19000 48704195
19250 48720800
19250 48727235
19500 48731654
19750 48735072
20000 48738052
20250 48740827
20500 48743613
20750 48746587
21000 48750006
21000 48754468
21250 48762008
21250 48789905
20750 48880143
20250 48970425
19750 49060572
19250 49150842
19250 49178770
19500 49188005
19750 49193584
20000 49198029
20250 49202068
20250 49206102
20500 49210531
20750 49215454
21000 49221900
21250 49233671
20750 49323935
20250 49414214
19750 49504366
19250 49594497
19250 49622346
19500 49631495
19750 49636980
19750 49641359
20000 49645230
20250 49648863
20500 49652462
20750 49656429
21000 49661277
21250 49668771
21250 49696575
20750 49786784
20250 49876999
19750 49967215
19250 50057516
19250 50085332
19250 50094500
19500 50100081
19750 50104170
20000 50107556
20250 50110725
20500 50113951
20750 50117381
21000 50121379
21000 50126960
21250 50138854
20750 50229018
20250 50319261
19750 50409515
19500 50499695
19500 50527603
19500 50539404
19750 50546960
20000 50552539
20250 50557484
20250 50562420
20500 50567998
20750 50574421
21000 50583626
21000 50611520
20500 50701651
20000 50791870
19500 50882082
19000 50972302
19250 50988884
19500 50995309
19500 50999774
19750 51003490
20000 51006639
20250 51009610
20500 51012596
20750 51015767
21000 51019466
21250 51024424
21250 51033629
20750 51123846
20500 51214061
20000 51304281
19500 51394547
19000 51484767
19250 51501333
19500 51507709
19500 51512146
19750 51515890
20000 51519050
20250 51521937
20500 51524943
20750 51528129
21000 51531801
21250 51536729
21250 51545939
20750 51636140
20500 51726429
20000 51816641
19500 51906862
19000 51997073
19000 52013622
19250 52020045
19500 52024083
19750 52027236
20000 52030049
20250 52032717
20500 52035317
20750 52038124
20750 52041319
21000 52045328
21250 52050915
21500 52062735
21000 52152898
20500 52243185
20000 52333362
19500 52423535
19000 52513788
19250 52530282
19250 52536635
19500 52541014
19750 52544348
20000 52547288
20250 52549941
20500 52552646
20750 52555548
21000 52558868
21250 52563235
21250 52570721
20750 52660859
20500 52751066
20000 52841267
19500 52931465
19000 53021523
19250 53038030
19500 53044455
19500 53048849
19750 53052462
20000 53055565
20250 53058476
20500 53061370
20750 53064541
21000 53068229
21250 53073185
21250 53082339
20750 53172514
20250 53262646
19750 53352758
19250 53442893
19250 53470722
19500 53479881
19750 53485375
20000 53489719
20250 53493715
20500 53497668
20500 53502063
20750 53507575
21000 53515053
21000 53531538
20500 53621754
20000 53712011
19750 53802145
19250 53892420
19250 53920335
19500 53929544
19750 53935125
19750 53939576
20000 53943617
20250 53947315
20500 53951011
20750 53955044
21000 53959990
21000 53967555
21250 53995385
20750 54085538
20250 54175756
19750 54265865
19500 54355967
19500 54383785
19500 54395549
19750 54403191
20000 54408728
20250 54413676
20250 54418622
20500 54424215
20750 54430627
21000 54439825
21000 54467567
20500 54557782
20000 54648003
19500 54738135
19000 54828167
19000 54844663
19250 54850987
19500 54854983
19750 54858179
20000 54860965
20250 54863622
20500 54866285
20750 54869056
20750 54872229
21000 54876293
21250 54881846
21500 54893737
21000 54983827
20500 55074018
20000 55164147
19500 55254263
19250 55344338
19250 55360839
19500 55368379
19750 55373261
20000 55377268
20250 55380890
20250 55384481
20500 55388434
20750 55392802
21000 55398387
21250 55407674
20750 55497873
20250 55588004
19750 55678203
19250 55768320
19250 55796204
19500 55805327
19750 55810907
20000 55815320
20250 55819289
20250 55823326
20500 55827784
20750 55832722
21000 55839137
21250 55850957
20750 55941179
20250 56031369
19750 56121583
19250 56211805
19250 56239699
19250 56248856
19500 56254387
19750 56258363
20000 56261708
20250 56264841
20500 56267911
20750 56271265
20750 56275356
21000 56280907
21250 56290114
20750 56380247
20250 56470413
19750 56560549
19500 56650726
19500 56678595
19500 56690357
19750 56697872
20000 56703455
20250 56708368
20250 56713267
20500 56718796
20750 56725191
21000 56734334
21000 56762246
20500 56852426
20000 56942662
19500 57032815
19000 57122892
19250 57139398
19500 57145691
19500 57150042
19750 57153673
20000 57156751
20250 57159709
20500 57162617
20750 57165752
21000 57169383
21250 57174238
21250 57183372
20750 57273490
20500 57363652
20000 57453825
19500 57543877
19000 57634032
19250 57650566
19500 57656901
19500 57661300
19750 57664912
20000 57668036
20250 57670858
20500 57673762
20750 57676855
21000 57680495
21250 57685391
21250 57694492
20750 57784738
20500 57874830
20000 57965007
19500 58055194
19000 58145336
19000 58161850
19250 58168244
19500 58172332
19750 58175497
20000 58178211
20250 58180857
20500 58183477
20750 58186205
20750 58189382
21000 58193390
21250 58198967
21500 58210783
21000 58301039
20500 58391143
20000 58481362
19500 58571641
19000 58661849
19250 58678420
19250 58684821
19500 58689218
19750 58692613
20000 58695600
20250 58698390
20500 58701204
20750 58704148
21000 58707568
21250 58712011
21250 58719600
20750 58809725
20500 58899876
20000 58989988
19500 59080235
19000 59170334
19250 59186768
19500 59193090
19500 59197460
19750 59201067
20000 59204165
20250 59207109
20500 59210052
20750 59213206
21000 59216769
21250 59221713
21250 59230842
20750 59320968
20250 59411156
19750 59501167
19250 59591385
19500 59619223
19500 59628405
19750 59634790
20000 59639734
20250 59644187
20500 59648565
20500 59653511
20750 59659924
21000 59669117
21000 59696946
20500 59787865
20000 59877247
19500 59967404
19000 60057966
19250 60074511
19500 60080931
19750 60085374
19750 60089078
20000 60092510
20250 60095681
20500 60098863
20750 60102227
21000 60106305
21250 60111817
21250 60123636
21000 60213865
20500 60304035
20000 60394289
19500 60484485
19000 60574702
19250 60591339
19500 60597669
19500 60602124
19750 60605793
20000 60608962
20250 60611938
20500 60614922
20750 60618095
21000 60621794
21250 60626759
21250 60635903
20750 60726047
20250 60816276
19750 60906471
19250 60996669
19250 61024461
19500 61033597
19750 61039077
20000 61043428
20250 61047394
20500 61051370
20500 61055742
20750 61061260
21000 61068750
21000 61085245
20500 61175406
20250 61265569
19750 61355675
19250 61445764
19250 61473584
19500 61482759
19750 61488216
20000 61492616
20000 61496640
20250 61500647
20500 61504685
20750 61509091
21000 61514667
21250 61523921
20750 61614122
20250 61704350
19750 61794482
19500 61884674
19500 61912516
19500 61924255
19750 61931696
20000 61937198
20250 61942025
20500 61946891
20500 61952369
20750 61959908
21000 61971637
20500 62061817
20000 62151950
19500 62242172
19000 62332293
19000 62348883
19250 62355318
19500 62359345
19750 62362409
20000 62365199
20250 62367806
20500 62370459
20750 62373242
20750 62376445
21000 62380457
21250 62386004
21500 62397750
21000 62487940
20500 62578071
20000 62668216
19500 62758416
19000 62848556
19250 62865026
19500 62871380
19500 62875800
19750 62879561
20000 62882716
20250 62885653
20500 62888608
20750 62891749
21000 62895410
21250 62900357
21250 62909575
21000 62999713
20500 63089782
20000 63180067
19500 63270263
19000 63360428
19250 63376914
19500 63383357
19750 63387666
19750 63391271
20000 63394613
20250 63397710
20500 63400847
20750 63404132
21000 63408133
21250 63413641
21250 63425388
20750 63515567
20250 63605724
19750 63695874
19250 63786019
19250 63813828
19500 63822958
19750 63828402
20000 63832778
20250 63836734
20500 63840700
20500 63845052
20750 63850517
21000 63857956
21000 63874445
20500 63964608
20250 64054800
19750 64144879
19250 64235163
19250 64262967
19500 64272267
19750 64277784
20000 64282184
20250 64286165
20500 64290217
20500 64294624
20750 64300196
21000 64307721
21000 64324251
20500 64414410
20000 64504587
19750 64594652
19250 64684902
19250 64712773
19250 64721982
19500 64727522
19750 64731612
20000 64735007
20250 64738188
20500 64741368
20750 64744800
20750 64748843
21000 64754315
21250 64763526
20750 64853586
20250 64943846
19750 65034111
19250 65124289
19250 65152184
19500 65161361
19750 65166965
20000 65171397
20250 65175459
20500 65179521
20500 65183968
20750 65189559
21000 65197086
21000 65213658
20750 65303888
20250 65394183
19750 65484345
19250 65574547
19500 65602451
19500 65611664
19750 65618046
20000 65622959
20250 65627393
20500 65631840
20500 65636780
20750 65643196
21000 65652387
21000 65680250
20500 65770426
20000 65860714
19500 65950934
19000 66041126
19250 66057694
19500 66064101
19750 66068527
19750 66072198
20000 66075663
20250 66078780
20500 66081966
20750 66085388
21000 66089441
21250 66095012
21250 66106831
20750 66197036
20250 66287198
19750 66377419
19250 66467684
19250 66495630
19500 66504870
19750 66510498
20000 66514958
20250 66519017
20500 66523026
20500 66527465
20750 66533057
21000 66540644
21000 66557221
20500 66647471
20250 66737677
19750 66827935
19250 66918134
19250 66945979
19500 66955160
19750 66960736
20000 66965157
20250 66969129
20500 66973144
20500 66977557
20750 66983131
21000 66990655
21000 67007228
20750 67097421
20250 67187486
19750 67277737
19250 67367934
19250 67395820
19250 67405062
19500 67410577
19750 67414657
20000 67418077
20250 67421237
20500 67424441
20750 67427862
20750 67431911
21000 67437425
21250 67446576
20750 67536753
20250 67627039
19750 67717252
19500 67807483
19500 67835457
19500 67847361
19750 67854897
20000 67860470
20250 67865415
20250 67870358
20500 67875970
20750 67882351
21000 67891592
21000 67919453
20500 68009617
20000 68099833
19500 68190049
19250 68280258
19250 68296837
19500 68304377
19750 68309330
19750 68313331
20000 68317038
20250 68320426
20500 68323843
20750 68327548
21000 68332003
21250 68338418
21250 68354906
21000 68445089
20500 68535275
20000 68625497
19500 68715661
19000 68805910
19000 68822432
19250 68828928
19500 68832961
19750 68836110
20000 68838904
20000 68841531
20250 68844172
20500 68846822
20750 68849584
21000 68852647
21250 68856624
21500 68862988
21500 68890905
21000 68981065
20500 69071267
20000 69161476
19500 69251696
19000 69341904
19250 69358438
19500 69364830
19750 69369242
19750 69372958
20000 69376369
20250 69379551
20500 69382731
20750 69386118
21000 69390156
21250 69395741
21250 69407558
20750 69497799
20250 69588038
19750 69678190
19250 69768472
19500 69796417
19500 69805609
19750 69811974
20000 69816888
20250 69821322
20500 69825751
20500 69830711
20750 69837113
21000 69846263
21000 69874105
20500 69964380
20250 70054603
19750 70144889
19250 70235088
19250 70262986
19250 70272181
19500 70277706
19750 70281713
20000 70285133
20250 70288349
20500 70291527
20750 70294964
21000 70298956
21000 70304535
21250 70316373
20750 70406690
20500 70496806
20000 70587013
19500 70677172
19000 70767421
19250 70784046
19250 70790430
19500 70794893
19750 70798309
20000 70801270
20250 70804025
20500 70806832
20750 70809790
21000 70813217
21250 70817676
21250 70825189
20750 70915385
20250 71005565
19750 71095749
19250 71185795
19500 71213662
19500 71222873
19750 71229268
20000 71234202
20250 71238591
20500 71243019
20500 71247966
20750 71254398
21000 71263575
21000 71291531
20500 71381679
20000 71471907
19500 71562138
19250 71652356
19250 71668896
19500 71676489
19750 71681463
19750 71685463
20000 71689152
20250 71692585
20500 71695953
20750 71699657
21000 71704119
21250 71710433
21250 71727023
20750 71817311
20500 71907529
20000 71997637
19500 72087854
19000 72178075
19000 72194652
19250 72201042
19500 72205080
19750 72208252
20000 72211057
20000 72213708
20250 72216350
20500 72218955
20750 72221747
21000 72224934
21250 72228987
21500 72235386
21500 72263246
21000 72353455
20500 72443654
20000 72533840
19500 72624061
19000 72714323
19250 72730921
19500 72737345
19750 72741770
19750 72745486
20000 72748858
20250 72752000
20500 72755143
20750 72758504
21000 72762605
21250 72768176
21250 72779987
20750 72870199
20250 72960434
20000 73050575
19500 73140764
19000 73231017
19250 73247628
19500 73253931
19500 73258383
19750 73262040
20000 73265175
20250 73268242
20500 73271253
20750 73274404
21000 73278068
21250 73282989
21250 73292186
20750 73382449
20250 73472552
19750 73562732
19250 73652966
19250 73680886
19500 73690127
19750 73695692
20000 73700151
20250 73704145
20500 73708194
20500 73712627
20750 73718191
21000 73725715
21000 73742310
20500 73832526
20000 73922738
19750 74012948
19250 74103089
19250 74130928
19500 74140156
19750 74145616
20000 74150133
20000 74154132
20250 74158179
20500 74162201
20750 74166578
21000 74172247
21000 74181346
20750 74271624
20250 74361849
19750 74452008
19250 74542210
19250 74570057
19500 74579183
19750 74584660
20000 74589007
20250 74592999
20250 74596947
20500 74601267
20750 74606133
21000 74612505
21250 74624234
20750 74714371
20250 74804514
19750 74894724
19250 74984956
19250 75012815
19500 75022027
19750 75027571
20000 75032032
20000 75036069
20250 75040117
20500 75044070
20750 75048438
21000 75053935
21250 75063109
20750 75153296
20250 75243430
19750 75333555
19250 75423743
19250 75451632
19250 75460807
19500 75466398
19750 75470422
20000 75473846
20250 75477043
20500 75480216
20750 75483634
20750 75487672
21000 75493185
21250 75502405
21000 75592563
20500 75682782
20000 75772927
19500 75863057
19000 75953237
19250 75969820
19250 75976240
19500 75980762
19750 75984161
20000 75987106
20250 75989908
20500 75992731
20750 75995689
21000 75999125
21250 76003544
21250 76011089
20750 76101327
20250 76191458
19750 76281609
19250 76371827
19250 76399678
19500 76408883
19750 76414446
20000 76418851
20250 76422898
20500 76426932
20500 76431360
20750 76436956
21000 76444510
21000 76461040
20500 76551218
20000 76641435
19750 76731636
19250 76821838
19250 76849748
19500 76859006
19750 76864561
20000 76869005
20000 76873030
20250 76877070
20500 76881082
20750 76885523
21000 76891108
21250 76900307
20750 76990519
20250 77080720
19750 77170880
19250 77261006
19250 77288829
19500 77297955
19750 77303445
20000 77307820
20250 77311792
20500 77315779
20500 77320152
20750 77325648
21000 77333114
21250 77349603
20750 77439743
20250 77529888
19750 77620090
19250 77710306
19250 77738122
19250 77747347
19500 77752845
19750 77756830
20000 77760202
20250 77763348
20500 77766409
20750 77769749
21000 77773747
21000 77779392
21250 77791185
20750 77881364
20250 77971620
20000 78061757
19500 78151925
19000 78242057
19000 78258536
19250 78264799
19500 78268773
19750 78271885
20000 78274646
20000 78277248
20250 78279807
20500 78282350
20750 78285100
21000 78288237
21250 78292177
21500 78298528
21500 78326354
21000 78416490
20750 78506681
20250 78596766
19750 78686886
19250 78777126
19250 78805065
19250 78814269
19500 78819812
19750 78823732
20000 78827051
20250 78830188
20500 78833300
20750 78836648
21000 78840640
21000 78846088
21250 78857837
20750 78947958
20250 79038211
19750 79128319
19250 79218534
19250 79246445
19500 79255600
19750 79261114
20000 79265540
20250 79269590
20500 79273574
20500 79277975
20750 79283458
21000 79291039
21000 79307533
20750 79397719
20250 79487826
19750 79578059
19250 79668295
19250 79696156
19500 79705291
19750 79710782
20000 79715252
20250 79719264
20250 79723279
20500 79727649
20750 79732594
21000 79738929
21250 79750746
20750 79840900
20250 79931020
19750 80021225
19250 80111401
19250 80139282
19500 80148414
19750 80153939
20000 80158320
20250 80162275
20250 80166364
20500 80170603
20750 80175462
21000 80181762
21250 80193514
20750 80283634
20250 80373891
19750 80464137
19250 80554287
19250 80582253
19250 80591430
19500 80597027
19750 80601035
20000 80604416
20250 80607554
20500 80610690
20750 80614112
21000 80618159
21000 80623729
21250 80635560
20750 80725761
20500 80815950
20000 80906131
19500 80996346
19000 81086476
19000 81103123
19250 81109535
19500 81113581
19750 81116752
20000 81119508
20250 81122110
20250 81124798
20500 81127544
20750 81130529
21000 81133949
21250 81138409
21500 81145947
21000 81236155
20500 81326357
20000 81416484
19750 81506824
19250 81597008
19250 81624932
19250 81634128
19500 81639702
19750 81643745
20000 81647163
20250 81650364
20500 81653514
20750 81656947
20750 81660932
21000 81666437
21250 81675692
20750 81765894
20250 81855972
19750 81946159
19250 82036412
19250 82064343
19500 82073502
19750 82079077
20000 82083512
20250 82087569
20500 82091580
20500 82095985
20750 82101495
21000 82108972
21250 82125531
20750 82215757
20250 82305953
19750 82396220
19250 82486380
19250 82514210
19500 82523270
19750 82528826
20000 82533211
20250 82537203
20250 82541174
20500 82545626
20750 82550505
21000 82556867
21250 82568559
20750 82658697
20250 82748913
19750 82839166
19250 82929329
19250 82957273
19500 82966490
19750 82972013
20000 82976458
20250 82980443
20500 82984482
20500 82988839
20750 82994377
21000 83001927
21000 83018516
20500 83108721
20000 83198897
19500 83289071
19000 83379201
19250 83395848
19500 83402286
19750 83406791
19750 83410475
20000 83413889
20250 83417097
20500 83420245
20750 83423672
21000 83427725
21250 83433285
21250 83445107
20750 83535359
20250 83625511
19750 83715802
19500 83806061
19500 83833954
19500 83845800
19750 83853313
20000 83858904
20250 83863875
20250 83868790
20500 83874446
20750 83880823
21000 83890013
21000 83917887
20500 84008147
20000 84098341
19500 84188578
19250 84278827
19250 84295444
19500 84303004
19750 84307999
19750 84312070
20000 84315793
20250 84319262
20500 84322707
20750 84326432
21000 84330918
21250 84337260
21250 84353918
20750 84444180
20250 84534432
19750 84624668
19500 84714901
19500 84742812
19500 84754707
19750 84762375
20000 84767950
20250 84772941
20250 84777875
20500 84783483
20750 84789951
21000 84799191
21000 84827046
20750 84917228
20250 85007568
19750 85097834
19250 85188016
19250 85216017
19250 85225233
19500 85230871
19750 85234968
20000 85238444
20250 85241660
20500 85244854
20750 85248310
21000 85252413
21000 85258032
21250 85269838
20750 85360114
20250 85450415
19750 85540652
19250 85630904
19250 85658843
19500 85668037
19750 85673597
20000 85678069
20000 85682154
20250 85686247
20500 85690239
20750 85694694
21000 85700212
21000 85709432
20750 85799704
20250 85889951
19750 85980184
19250 86070390
19250 86098301
19500 86107512
19750 86113074
20000 86117473
20000 86121520
20250 86125548
20500 86129599
20750 86134030
21000 86139623
21250 86148821
20750 86238956
20250 86329105
19750 86419261
19250 86509420
19250 86537314
19500 86546534
19750 86552093
20000 86556492
20250 86560528
20250 86564712
20500 86569022
20750 86573957
21000 86580381
21250 86592202
20750 86682394
20250 86772527
19750 86862762
19250 86952928
19250 86980834
19250 86990043
19500 86995638
19750 86999611
20000 87003054
20250 87006188
20500 87009317
20750 87012782
21000 87016827
21000 87022365
21250 87034191
21000 87124321
20500 87214409
20000 87304588
19500 87394794
19000 87484995
19250 87501567
19500 87507977
19750 87512380
19750 87516086
20000 87519470
20250 87522622
20500 87525823
20750 87529175
21000 87533219
21250 87538775
21250 87550581
20750 87640726
20250 87731005
19750 87821209
19250 87911389
19250 87939270
19500 87948491
19750 87954083
20000 87958551
20250 87962581
20500 87966580
20500 87971089
20750 87976676
21000 87984222
21000 88000829
20500 88090999
20000 88181211
19500 88271396
19250 88361570
19500 88378216
19500 88385799
19750 88391358
20000 88395801
20250 88399864
20500 88403816
20750 88408241
20750 88413788
21000 88422997
21000 88450922
20500 88541145
20000 88631365
19500 88721594
19250 88811779
19250 88828336
19500 88835869
19750 88840811
19750 88844846
20000 88848531
20250 88851948
20500 88855343
20750 88859043
21000 88863487
21250 88869896
21250 88886467
20750 88976688
20250 89066893
19750 89157120
19250 89247302
19250 89275207
19500 89284446
19750 89289928
20000 89294489
20000 89298433
20250 89302587
20500 89306594
20750 89311038
21000 89316618
21250 89325823
20750 89416042
20250 89506244
19750 89596463
19250 89686683
19250 89714584
19500 89723809
19750 89729388
20000 89733830
20250 89737807
20500 89741839
20500 89746276
20750 89751878
21000 89759416
21000 89775924
20500 89866175
20250 89956361
19750 90046577
19250 90136791
19250 90164683
19250 90173887
19500 90179478
19750 90183514
20000 90186934
20250 90190103
20500 90193303
20750 90196708
20750 90200731
21000 90206285
21250 90215478
20750 90305646
20250 90395918
20000 90486114
19500 90576333
19000 90666537
19250 90683120
19250 90689501
19500 90693935
19750 90697323
20000 90700343
20250 90703100
20500 90705867
20750 90708840
21000 90712265
21250 90716742
21250 90724251
20750 90814470
20250 90904555
19750 90994833
19500 91085048
19500 91112903
19750 91124796
19750 91132323
20000 91138742
20250 91144255
20500 91149923
20750 91156322
20750 91165525
20750 91193405
20250 91283604
19750 91373760
19250 91464034
19500 91491987
19500 91501270
19750 91507663
20000 91512612
20250 91517056
20500 91521521
20500 91526453
20750 91532860
21000 91542071
21000 91569955
20500 91660180
20000 91750405
19500 91840665
19000 91930951
19250 91947481
19500 91953892
19750 91958341
19750 91962033
20000 91965454
20250 91968636
20500 91971792
20750 91975201
21000 91979241
21250 91984831
21250 91996573
20750 92086796
20250 92177021
20000 92267215
19500 92357421
19000 92447622
19000 92464304
19250 92470691
19500 92474725
19750 92477935
19750 92480716
20000 92483355
20250 92485848
20500 92488362
20750 92490990
21000 92493972
21250 92497677
21500 92503259
21500 92519830
21000 92609969
20500 92700202
20000 92790513
19750 92880764
19250 92970927
19250 92998837
19500 93008163
19750 93013646
19750 93018091
20000 93022089
20250 93025793
20500 93029456
20750 93033488
21000 93038372
21250 93045975
21250 93073895
20750 93164116
20250 93254362
19750 93344585
19250 93434858
19250 93462792
19500 93472062
19750 93477648
20000 93482133
20250 93486185
20250 93490263
20500 93494737
20750 93499703
21000 93506094
21250 93517927
20750 93608171
20250 93698402
19750 93788744
19250 93879044
19250 93906978
19250 93916231
19500 93921852
19750 93925950
20000 93929351
20250 93932638
20500 93935859
20750 93939326
20750 93943392
21000 93948996
21250 93958208
20750 94048397
20500 94138710
20000 94228850
19500 94319112
19000 94409378
19000 94425919
19250 94432454
19500 94436484
19750 94439680
20000 94442464
20250 94445151
20250 94447773
20500 94450569
20750 94453574
21000 94457008
21250 94461462
21500 94468954
21250 94559183
20750 94649511
20250 94739771
19750 94829954
19250 94920174
19250 94948070
19250 94957274
19500 94962984
19750 94967044
20000 94970493
20250 94973702
20500 94976827
20750 94980278
20750 94984277
21000 94989871
21250 94999110
20750 95089358
20250 95179663
19750 95269922
19250 95360134
19250 95388073
19500 95397294
19750 95402929
20000 95407367
20250 95411474
20500 95415566
20500 95420062
20750 95425697
21000 95433296
21000 95449886
20500 95540239
20000 95630533
19750 95720724
19250 95810925
19250 95838902
19250 95848221
19500 95853826
19750 95857903
20000 95861360
20250 95864506
20500 95867764
20750 95871155
20750 95875246
21000 95880802
21250 95890018
20750 95980206
20250 96070539
19750 96160824
19500 96251065
19500 96279020
19500 96290931
19750 96298440
20000 96304051
20250 96309003
20250 96313950
20500 96319541
20750 96325923
21000 96335159
21000 96363109
20500 96453383
20000 96543709
19750 96633851
19250 96724081
19250 96751980
19250 96761179
19500 96766776
19750 96770754
20000 96774160
20250 96777345
20500 96780529
20750 96783902
20750 96787917
21000 96793473
21250 96802683
20750 96892905
20500 96983101
20000 97073307
19500 97163512
19000 97253768
19000 97270310
19250 97276726
19500 97280711
19750 97283886
20000 97286684
20250 97289289
20500 97291928
20750 97294728
20750 97297907
21000 97301935
21250 97307509
21500 97319324
21000 97409510
20500 97499766
20000 97589928
19500 97680149
19000 97770344
19000 97786903
19250 97793309
19500 97797378
19750 97800491
20000 97803348
20250 97805994
20500 97808591
20500 97811330
20750 97814485
21000 97818170
21250 97823107
21500 97832268
21000 97922458
20750 98012736
20250 98102976
19750 98193126
19250 98283346
19250 98311139
19500 98320420
19750 98325955
19750 98330409
20000 98334433
20250 98338137
20500 98341842
20750 98345873
21000 98350825
21250 98358381
21250 98386254
20750 98476425
20250 98566624
19750 98656831
19250 98746996
19250 98774893
19250 98784076
19500 98789639
19750 98793653
20000 98797005
20250 98800178
20500 98803363
20750 98806788
21000 98810781
21000 98816371
21250 98828181
20750 98918410
20250 99008625
19750 99098867
19500 99188963
19500 99216872
19500 99228690
19750 99236192
20000 99241781
20250 99246719
20500 99251617
20750 99257136
20750 99264684
21000 99281266
20500 99371453
20000 99461741
19750 99551975
19250 99642256
19250 99670202
19250 99679484
19500 99685159
19750 99689114
20000 99692614
20250 99695754
20500 99699030
20750 99702433
21000 99706564
21000 99712150
21250 99724005
20750 99814223
20250 99904439
19750 99994627
19250 100084908
19250 100112738
19500 100121918
19750 100127545
20000 100131940
20000 100135980
20250 100140034
20500 100144052
20750 100148496
21000 100154085
21250 100163279
20750 100253487
20250 100343694
19750 100433917
19250 100524152
19250 100552094
19500 100561217
19750 100566828
20000 100571242
20250 100575298
20500 100579292
20500 100583725
20750 100589272
21000 100596814
21000 100613379
20750 100703594
20250 100793777
19750 100884049
19250 100974246
19250 101002162
19250 101011365
19500 101016962
19750 101020938
20000 101024336
20250 101027478
20500 101030683
20750 101034044
21000 101038057
21000 101043617
21250 101055445
20750 101145583
20250 101235803
19750 101326003
19250 101416292
19250 101444180
19500 101453391
19750 101458991
20000 101463425
20000 101467461
20250 101471447
20500 101475462
20750 101479900
21000 101485513
21250 101494707
20750 101584931
20250 101675170
19750 101765344
19250 101855531
19250 101883511
19500 101892821
19750 101898466
20000 101902990
20250 101907078
20250 101911526
20500 101915730
20750 101920707
21000 101927201
21250 101938929
20750 102029149
20250 102119262
20000 102209541
19500 102299781
19000 102390050
19000 102406604
19250 102412999
19500 102417028
19750 102420179
19750 102422938
20000 102425579
20250 102428018
20500 102430501
20750 102433070
21000 102436049
21250 102439764
21500 102445326
21500 102461863
21000 102552063
20500 102642275
20000 102732483
19500 102822710
19000 102912840
19250 102929380
19500 102935809
19500 102940249
19750 102943926
20000 102947136
20250 102950121
20500 102953088
20750 102956267
21000 102959967
21250 102964931
21250 102974094
20750 103064298
20500 103154398
20000 103244716
19500 103334917
19000 103425184
19000 103441784
19250 103448188
19500 103452176
19750 103455322
19750 103458114
20000 103460763
20250 103463278
20500 103465757
20750 103468391
21000 103471346
21250 103475034
21500 103480609
21500 103497158
21000 103587440
20500 103677611
20250 103767796
19750 103858074
19250 103948363
19250 103976281
19500 103985485
19750 103991068
20000 103995507
20000 103999535
20250 104003595
20500 104007567
20750 104011995
21000 104017588
21250 104026754
20750 104116971
20250 104207219
19750 104297480
19250 104387724
19250 104415683
19500 104424935
19750 104430513
20000 104434968
20250 104438994
20250 104442954
20500 104447494
20750 104452420
21000 104458852
21250 104470670
20750 104560820
20250 104651098
19750 104741238
19250 104831502
19250 104859442
19250 104868618
19500 104874214
19750 104878222
20000 104881628
20250 104884832
20500 104887872
20750 104891372
21000 104895398
21000 104900956
21250 104912788
20750 105003051
20250 105093224
20000 105183486
19500 105273617
19000 105363858
19000 105380410
19250 105386828
19500 105390899
19750 105394083
20000 105396903
20250 105399561
20500 105402203
20750 105405003
20750 105408190
21000 105412168
21250 105417706
21500 105429537
21000 105519816
20500 105610083
20000 105700310
19500 105790569
19000 105880938
19250 105897625
19500 105904078
19750 105908609
19750 105912348
20000 105915843
20250 105919115
20500 105922328
20750 105925793
21000 105929913
21250 105935474
21250 105947359
20750 106037669
20250 106127941
19750 106218195
19250 106308471
19500 106336477
19500 106345650
19750 106352082
20000 106357007
20250 106361435
20500 106365887
20500 106370849
20750 106377299
21000 106386509
21000 106414415
20500 106504661
20250 106594872
19750 106685185
19250 106775485
19250 106803450
19500 106812728
19500 106818388
19750 106822874
20000 106826645
20250 106830108
20500 106833583
20750 106837341
21000 106841831
21000 106848298
21250 106864893
21000 106955107
20500 107045325
20000 107135594
19500 107225791
19000 107316031
19000 107332744
19250 107339197
19500 107343326
19750 107346538
20000 107349388
20250 107352083
20250 107354803
20500 107357612
20750 107360622
21000 107364090
21250 107368604
21500 107376182
21000 107466489
20500 107556733
20000 107646947
19500 107737103
19000 107827393
19000 107843974
19250 107850401
19500 107854424
19750 107857604
20000 107860414
20250 107863032
20500 107865666
20750 107868410
20750 107871575
21000 107875614
21250 107881227
21500 107893065
21000 107983278
20500 108073440
20250 108163729
19750 108253925
19250 108344093
19250 108371989
19500 108381242
19750 108386742
20000 108391224
20250 108395274
20250 108399315
20500 108403770
20750 108408684
21000 108415125
21250 108426945
20750 108517152
20250 108607360
19750 108697592
19250 108787863
19250 108815840
19250 108825104
19500 108830783
19750 108834812
20000 108838273
20250 108841518
20500 108844746
20750 108848200
21000 108852294
21000 108857890
21250 108869772
20750 108959955
20250 109050233
19750 109140486
19250 109230685
19250 109258607
19500 109267827
19750 109273459
20000 109277851
20000 109281907
20250 109285948
20500 109289961
20750 109294402
21000 109299987
21000 109309191
20750 109399420
20250 109489748
19750 109579965
19250 109670264
19250 109698205
19500 109707476
19750 109713108
20000 109717587
20250 109721622
20500 109725672
20500 109730177
20750 109735787
21000 109743382
21250 109759969
20750 109850184
20250 109940382
19750 110030732
19250 110121037
19250 110149041
19250 110158226
19500 110163887
19750 110167984
20000 110171401
20250 110174591
20500 110177847
20750 110181311
20750 110185396
21000 110191017
21250 110200273
20750 110290513
20250 110380779
20000 110471016
19500 110561251
19000 110651408
19250 110667978
19250 110674411
19500 110678896
19750 110682300
20000 110685234
20250 110688021
20500 110690871
20750 110693773
21000 110697193
21250 110701640
21250 110709191
20750 110799412
20250 110889622
19750 110979830
19500 111070017
19500 111097929
19750 111109744
20000 111117306
20000 111123709
20250 111130121
20500 111136533
20750 111144091
20750 111155917
20250 111246135
19750 111336354
19250 111426592
19250 111454542
19500 111463798
19750 111469388
20000 111473893
20250 111477980
20250 111482086
20500 111486535
20750 111491512
21000 111497967
21250 111509883
20750 111600097
20250 111690373
19750 111780575
19250 111870811
19250 111898761
19250 111908093
19500 111913678
19750 111917691
20000 111921188
20250 111924408
20500 111927635
20750 111931088
21000 111935181
21000 111940799
21250 111952633
20750 112042933
20500 112133170
20000 112223482
19500 112313717
19000 112404000
19250 112420654
19500 112427054
19500 112431533
19750 112435220
20000 112438408
20250 112441390
20500 112444399
20750 112447562
21000 112451267
21250 112456241
21250 112465351
20750 112555585
20250 112645799
19750 112736013
19250 112826197
19500 112854191
19500 112863389
19750 112869797
20000 112874718
20250 112879165
20500 112883640
20500 112888504
20750 112894889
21000 112904134
21000 112932059
20500 113022221
20000 113112457
19500 113202675
19000 113292968
19250 113309455
19250 113315991
19500 113320447
19750 113323834
20000 113326856
20250 113329703
20500 113332549
20750 113335542
21000 113338951
21250 113343398
21250 113350970
20750 113441214
20500 113531370
20000 113621528
19500 113711608
19000 113801880
19000 113818354
19250 113824760
19500 113828694
19750 113831864
20000 113834665
20000 113837311
20250 113839945
20500 113842542
20566 113845336
