250 1479007152900962
500 90154
750 172947
1000 249423
1250 320625
1500 387052
1750 449323
2000 508050
2250 563576
2500 616119
2750 666172
3000 713695
3250 759098
3500 802621
3750 844284
4000 884340
4250 922831
4500 959931
4750 995701
5000 1030288
5250 1063650
5500 1096049
5750 1127420
6000 1157827
6250 1187323
6500 1216019
6750 1243907
7000 1270983
7250 1297516
7500 1323371
7750 1348549
8000 1373098
8250 1397083
8500 1420511
8750 1443344
9000 1465805
9250 1487730
9500 1509127
9750 1530179
10000 1550709
10250 1570941
10500 1590746
10750 1610157
11000 1629165
11250 1647889
11500 1666332
11750 1684344
12000 1702092
12250 1719522
12500 1736696
12750 1753580
13000 1770149
13250 1786466
13500 1802572
13750 1818383
14000 1833951
14250 1849312
14500 1864323
14750 1879289
15000 1893998
15250 1908477
15500 1922735
15750 1936813
16000 1950689
16250 1964357
16500 1977879
16750 1991224
17000 2004335
17250 2017311
17500 2030161
17750 2042812
18000 2055336
18250 2067723
18500 2079978
18750 2092079
19000 2104048
19250 2115840
19500 2127543
19750 2139056
20000 2150490
20250 2161756
20500 2173070
20750 2184485
21000 2196052
21250 2207741
21500 2219513
21750 2231484
22000 2243584
22250 2255838
22500 2268204
22750 2280774
23000 2293487
23250 2306340
23500 2319336
23750 2332485
24000 2345866
24250 2359313
24500 2372976
24750 2386859
25000 2400944
25250 2415174
25500 2429609
25750 2444281
26000 2459222
26250 2474329
26500 2489653
26750 2505171
26750 2520977
27000 2537046
27000 2553367
27250 2569919
27250 2586707
27250 2603928
27500 2621306
27500 2639017
27750 2657030
27750 2675336
27750 2694015
28000 2713120
28000 2732456
28250 2752304
28250 2772474
28250 2793115
28500 2814161
28500 2835608
28500 2857514
28500 2879794
28750 2902702
28750 2926123
28750 2950065
28750 2974568
28750 2999638
29000 3025429
29000 3051851
29000 3079069
29000 3107036
29000 3135765
29000 3165361
29000 3195774
29000 3227167
29000 3259538
29000 3292972
29000 3327540
28750 3363452
28750 3400620
28750 3439154
28750 3479285
28500 3521045
28500 3564600
28250 3610052
28250 3657671
28000 3707533
27750 3760264
27750 3815675
27500 3874430
27250 3936750
26750 4003151
26500 4074297
26250 4150890
25750 4233717
25250 4323843
24750 4423062
24000 4532957
23250 4656479
22250 4797296
21250 4961220
19750 5157039
18000 5400620
16750 5596474
15500 5760351
14750 5901168
14000 6024644
13250 6134682
12750 6233752
12250 6323976
12000 6406729
11500 6483168
11250 6554254
10750 6620555
10500 6682902
10250 6741635
10250 6796879
10000 6849425
9750 6899338
9750 6946873
9500 6992285
9500 7035725
9500 7077445
9250 7117434
9250 7155983
9250 7193041
9250 7228802
9250 7263410
9250 7296859
9250 7329202
9250 7360526
9250 7390976
9250 7420558
9250 7449281
9250 7477221
9250 7504428
9500 7530895
9500 7556621
9500 7581734
9500 7606312
9500 7630265
9750 7653671
9750 7676555
9750 7698946
9750 7720846
10000 7742231
10000 7763193
10000 7783805
10250 7804065
10250 7823812
10250 7843166
10500 7862258
10500 7880884
10750 7899300
10750 7917323
10750 7935038
11000 7952460
11000 7969644
11250 7986457
11250 8002949
11500 8019284
11500 8035320
11750 8051152
11750 8066732
12000 8081984
12000 8097139
12250 8112042
12250 8126709
12500 8141191
12500 8155462
12750 8169425
12750 8183311
13000 8197011
13000 8210461
13250 8223803
13500 8236976
13500 8249970
13750 8262828
13750 8275489
14000 8287910
14250 8300324
14250 8312622
14500 8324688
14500 8336649
14750 8348477
15000 8360162
15000 8371738
15250 8383165
15250 8394484
15500 8405670
15750 8416715
15750 8427645
16000 8438469
16250 8449186
16250 8459799
16500 8470311
16750 8480648
16750 8490880
17000 8501017
17250 8511042
17250 8521028
17500 8530943
17750 8540750
17750 8550454
18000 8560079
18250 8569619
18250 8579074
18500 8588459
18750 8597742
19000 8606944
19000 8616082
19250 8625118
19500 8634090
19500 8642956
19750 8651789
20000 8660518
20000 8669188
20250 8677829
20500 8686458
20750 8695247
20750 8704038
21000 8712952
21250 8721909
21250 8730959
21500 8740088
21750 8749297
22000 8758592
22000 8767948
22250 8777404
22500 8786950
22500 8796593
22750 8806272
23000 8816084
23000 8825998
23250 8835994
23500 8846096
23500 8856291
23750 8866588
24000 8876977
24000 8887495
24250 8898108
24500 8908854
24500 8919724
24750 8930660
25000 8941696
25000 8952842
25250 8964182
25500 8975563
25500 8987085
25750 8998772
26000 9010597
26000 9022572
26250 9034698
26250 9046925
26500 9059300
26500 9071857
26750 9084517
27000 9097340
27000 9110394
27250 9123550
27250 9136897
27500 9150341
27500 9164083
27750 9177932
28000 9191945
28000 9206211
28250 9220676
28250 9235353
28500 9250238
28500 9265305
28750 9280627
28750 9296150
29000 9311999
29000 9328012
29250 9344321
29250 9360857
29250 9377718
29500 9394863
29500 9412266
29750 9430000
29750 9448091
30000 9466461
30000 9485108
30000 9504240
30250 9523706
30250 9543504
30250 9563683
30500 9584259
30500 9605331
30500 9626790
30750 9648717
30750 9671117
30750 9694021
30750 9717468
31000 9741442
31000 9765975
31000 9791106
31000 9816954
31250 9843388
31250 9870598
31250 9898479
31250 9927271
31250 9956832
31250 9987222
31250 10018569
31250 10050943
31250 10084422
31250 10118993
31250 10154778
31250 10191870
31250 10230414
31000 10270473
31000 10312213
31000 10355761
30750 10401252
30500 10448762
30500 10498822
30250 10551405
30000 10606941
29750 10665633
29500 10727964
29250 10794383
29000 10865626
28500 10942169
28250 11024982
27750 11115167
27000 11214379
26500 11324281
25750 11447861
24750 11588764
23750 11752639
22250 11948553
20750 12192056
18500 12513689
14750 12987649
12500 13309297
11000 13552805
9500 13748721
8500 13912592
7500 14053518
6750 14177132
6250 14287090
5500 14386306
5250 14476566
4750 14559415
4500 14635958
4000 14706927
3750 14773387
3500 14835719
3500 14894477
3250 14949908
3000 15002475
3000 15052511
2750 15100152
2750 15145608
2500 15189031
2500 15230762
2500 15270741
2500 15309344
2250 15346459
2250 15382239
2250 15416852
2250 15450275
2250 15482695
2250 15514097
2250 15544590
2250 15574088
2250 15602816
2250 15630785
2250 15657982
2250 15684512
2250 15710203
2250 15735335
2500 15759859
2500 15783880
2500 15807226
2500 15830149
2750 15852578
2750 15874563
2750 15896069
3000 15917044
3000 15937579
3000 15957656
3250 15977515
3250 15996894
3500 16015862
3500 16034514
3500 16052774
3750 16070761
3750 16088422
4000 16105788
4000 16122957
4250 16139798
4250 16156316
4500 16172636
4500 16188700
4750 16204493
4750 16220101
5000 16235403
5000 16250522
5250 16265387
5250 16280066
5500 16294531
5500 16308841
5750 16322942
5750 16336921
6000 16350529
6250 16364039
6250 16377375
6500 16390595
6500 16403580
6750 16416447
6750 16429086
7000 16441615
7250 16454015
7250 16466262
7500 16478361
7500 16490328
7750 16502160
8000 16513867
8000 16525436
8250 16536858
8500 16548121
8500 16559318
8750 16570385
8750 16581291
9000 16592126
9250 16602823
9250 16613483
9500 16623942
9750 16634329
9750 16644611
10000 16654782
10250 16664857
10250 16674856
10500 16684760
10750 16694563
10750 16704321
11000 16713965
11250 16723491
11250 16732893
11500 16742330
11750 16751622
12000 16760815
12000 16769941
12250 16778918
12500 16787947
12500 16796834
12750 16805665
13000 16814399
13250 16823036
13250 16831647
13500 16840126
13750 16848566
13750 16856951
14000 16865295
14250 16873547
14500 16881759
14500 16889825
14750 16897838
15000 16905793
15250 16913743
15250 16921649
15500 16929503
15750 16937256
16000 16944959
16000 16952638
16250 16960239
16500 16967793
16750 16975291
16750 16982750
17000 16990148
17250 16997483
17500 17004746
17750 17011888
17750 17019090
18000 17026222
18250 17033318
18500 17040381
18500 17047390
18750 17054348
19000 17061265
19250 17068132
19250 17074909
19500 17081695
19750 17088376
20000 17095033
20250 17101687
20250 17108374
20500 17115049
20750 17121712
21000 17128465
21250 17135292
21250 17142137
21500 17149048
21750 17155982
22000 17162990
22000 17169998
22250 17177099
22500 17184246
22750 17191449
23000 17198686
23000 17205975
23250 17213326
23500 17220732
23750 17228172
23750 17235637
24000 17243197
24250 17250810
24500 17258373
24500 17266045
24750 17273760
25000 17281598
25250 17289487
25250 17297421
25500 17305439
25750 17313518
26000 17321655
26000 17329856
26250 17338117
26500 17346448
26500 17354847
26750 17363315
27000 17371843
27250 17380452
27250 17389134
27500 17397875
27750 17406696
27750 17415589
28000 17424559
28250 17433616
28500 17442741
28500 17451948
28750 17461239
29000 17470611
29000 17480066
29250 17489620
29500 17499246
29500 17508968
29750 17518799
30000 17528722
30000 17538726
30250 17548850
30500 17559038
30500 17569343
30750 17579735
31000 17590248
31000 17600871
31250 17611587
31500 17622422
31500 17633377
31750 17644432
32000 17655627
32000 17666942
32250 17678322
32250 17689889
32500 17701580
32750 17713392
32750 17725346
33000 17737443
33000 17749709
33250 17762075
33500 17774637
33500 17787277
33750 17800116
33750 17813140
34000 17826379
34250 17839710
34250 17853211
34500 17866926
34500 17880801
34750 17894849
34750 17909114
35000 17923598
35000 17938299
35250 17953230
35250 17968281
35500 17983637
35500 17999205
35750 18014969
35750 18031041
36000 18047374
36000 18063954
36250 18080853
36250 18097986
36250 18115342
36500 18133090
36500 18151114
36750 18169492
36750 18188243
36750 18207365
37000 18226821
37000 18246597
37000 18266823
37250 18287483
37250 18308500
37250 18330000
37500 18351903
37500 18374215
37500 18397064
37750 18420443
37750 18444290
37750 18468783
37750 18493789
37750 18519565
38000 18545907
38000 18573052
38000 18600867
38000 18629543
38000 18659083
38000 18689523
38000 18720904
38000 18753206
38000 18786652
38000 18821200
38000 18856957
38000 18894069
38000 18932590
37750 18972597
37750 19014287
37750 19057768
37500 19103226
37500 19150815
37250 19200728
37000 19253281
36750 19308681
36500 19367405
36250 19429743
36000 19496183
35750 19567274
35250 19643782
35000 19726445
34500 19816706
34000 19915787
33250 20025739
32500 20149303
31750 20290182
30750 20454084
29250 20650049
27500 20893573
25250 21215170
21750 21689088
14750 22589332
11750 22999711
4750 23899820
1250 24373615
250 24695242
250 24938703
250 25134438
250 25298250
250 25439023
250 25562467
250 25672360
250 25771467
250 25861667
250 25944449
250 26020835
250 26091901
250 26158236
250 26220507
250 26279127
250 26334486
250 26387043
250 26436938
250 26484545
250 26529999
250 26573444
250 26615076
250 26655023
250 26693350
250 26730394
250 26766075
250 26800531
250 26833850
250 26866090
250 26897417
250 26927749
250 26957152
250 26985803
250 27013622
250 27040693
250 27066944
500 27092744
500 27117798
500 27142227
500 27166133
750 27189550
750 27212437
750 27234790
1000 27256695
1000 27278169
1000 27299184
1250 27319701
1250 27339925
1250 27359706
1500 27379124
1500 27398082
1500 27416787
1750 27435214
1750 27453227
2000 27470911
2000 27488268
2250 27505328
2250 27522103
2250 27538606
2500 27554906
2500 27570961
2750 27586766
2750 27602316
3000 27617604
3000 27632717
3250 27647608
3250 27662248
3500 27676729
3500 27691064
3750 27705141
3750 27719017
4000 27732733
4250 27746258
4250 27759502
4500 27772731
4500 27785705
4750 27798465
4750 27811189
5000 27823669
5250 27836083
5250 27848260
5500 27860388
5500 27872343
5750 27884179
6000 27895835
6000 27907478
6250 27918836
6500 27930203
6500 27941376
6750 27952424
6750 27963376
7000 27974207
7250 27984928
7250 27995520
7500 28005986
7750 28016278
7750 28026543
8000 28036750
8250 28046818
8250 28056807
8500 28066722
8750 28076526
9000 28086260
9000 28095860
9250 28105395
9500 28114852
9500 28124238
9750 28133520
10000 28142730
10000 28151857
10250 28160853
10500 28169812
10500 28178673
10750 28187497
11000 28196258
11250 28204861
11250 28213453
11500 28221984
11750 28230465
11750 28238793
12000 28247188
12250 28255459
12500 28263658
12500 28271796
12750 28279866
13000 28287872
13250 28295771
13250 28303755
13500 28311564
13750 28319359
14000 28327056
14000 28334649
14250 28342272
14500 28349840
14750 28357323
14750 28364765
15000 28372121
15250 28379458
15500 28386753
15500 28394013
15750 28401206
16000 28408348
16250 28415439
16250 28422459
16500 28429473
16750 28436431
17000 28443335
17250 28450214
17250 28456993
17500 28463782
17750 28470488
18000 28477168
18000 28483825
18250 28490397
18500 28496969
18750 28503497
19000 28509982
19000 28516437
19250 28522822
19500 28529205
19750 28535543
20000 28541783
20000 28548038
20250 28554302
20500 28560572
20750 28566871
21000 28573210
21000 28579592
21250 28585982
21500 28592429
21750 28598918
21750 28605450
22000 28612017
22250 28618654
22500 28625319
22750 28631982
22750 28638672
23000 28645500
23250 28652282
23500 28659155
23750 28666069
23750 28673035
24000 28680036
24250 28687083
24500 28694181
24500 28701326
24750 28708475
25000 28715636
25250 28723041
25250 28730358
25500 28737760
25750 28745208
26000 28752706
26250 28760271
26250 28767897
26500 28775530
26750 28783292
26750 28790970
27000 28798870
27250 28806714
27500 28814750
27500 28822653
27750 28830808
28000 28838971
28250 28847142
28250 28855398
28500 28863772
28750 28872126
29000 28880591
29000 28889125
29250 28897728
29500 28906332
29500 28915076
29750 28923860
30000 28932766
30250 28941714
30250 28950762
30500 28959893
30750 28969099
30750 28978378
31000 28987754
31250 28997210
31250 29006797
31500 29016397
31750 29026103
31750 29035968
32000 29045784
32250 29055824
32250 29065920
32500 29076115
32750 29086421
32750 29096815
33000 29107263
33250 29117720
33250 29128377
33500 29139159
33750 29150075
33750 29161136
34000 29172322
34250 29183643
34250 29195042
34500 29206638
34500 29218330
34750 29230117
35000 29242063
35000 29254169
35250 29266416
35250 29278859
35500 29291386
35750 29304030
35750 29316859
36000 29329824
36000 29342992
36250 29356336
36250 29369788
36500 29383529
36750 29397427
36750 29411554
37000 29425774
37000 29440241
37250 29454921
37250 29469809
37500 29484907
37500 29500254
37750 29515830
37750 29531633
38000 29547683
38000 29564048
38250 29580572
38250 29597465
38250 29614587
38500 29631952
38500 29649696
38750 29667751
38750 29686100
38750 29704790
39000 29723794
39000 29743190
39250 29762962
39250 29783076
39250 29803645
39500 29824686
39500 29846176
39500 29868054
39500 29890411
39750 29913305
39750 29936654
39750 29960608
39750 29985207
40000 30010299
40000 30036047
40000 30062467
40000 30089625
40000 30117525
40000 30146205
40000 30175804
40000 30206069
40000 30237464
40000 30269880
40000 30303394
40000 30337811
40000 30373593
40000 30410701
40000 30449228
39750 30489183
39750 30530910
39750 30574386
39500 30619836
39250 30667313
39250 30717359
39000 30769835
38750 30825290
38500 30883943
38250 30946199
38000 31012601
37750 31083661
37500 31160144
37000 31242912
36500 31333158
36000 31432235
35500 31542154
34750 31665675
33750 31806521
32750 31970490
31250 32166415
29750 32409977
27500 32731594
23750 33205605
17000 34105801
14000 34516079
7000 35416407
3500 35890281
1000 36211949
250 36455400
250 36651238
250 36815149
250 36955986
250 37079477
250 37189500
250 37288591
250 37378856
250 37461656
250 37538125
250 37609193
250 37675594
250 37737964
250 37796629
250 37851999
250 37904580
250 37954499
250 38002104
250 38047524
250 38091005
250 38132790
250 38172890
250 38211515
250 38248707
250 38284535
250 38319188
250 38352659
250 38385097
250 38416463
250 38446873
250 38476494
250 38505258
250 38533186
250 38560467
250 38587009
250 38612869
500 38638015
500 38662647
500 38686712
500 38710212
750 38733116
750 38755559
750 38777478
750 38798984
1000 38820012
1000 38840650
1000 38860815
1250 38880630
1250 38900098
1500 38919181
1500 38937879
1500 38956277
1750 38974369
1750 38992123
2000 39009599
2000 39026759
2250 39043634
2250 39060227
2500 39076558
2500 39092627
2750 39108466
2750 39124035
3000 39139398
3000 39154509
3250 39169425
3250 39184143
3500 39198583
3500 39212857
3750 39226961
3750 39240817
4000 39254452
4250 39267882
4250 39281144
4500 39294235
4500 39307151
4750 39319965
5000 39332572
5000 39344944
5250 39357258
5250 39369408
5500 39381418
5750 39393292
5750 39405036
6000 39416648
6250 39428160
6250 39439544
6500 39450826
6750 39462013
6750 39473091
7000 39484028
7250 39494865
7250 39505528
7500 39516095
7500 39526541
7750 39536851
8000 39547073
8000 39557197
8250 39567192
8500 39577109
8750 39586941
8750 39596667
9000 39606305
9250 39615898
9250 39625317
9500 39634687
9750 39643961
9750 39653161
10000 39662293
10250 39671305
10250 39680273
10500 39689237
10750 39698133
11000 39706901
11000 39715746
11250 39724334
11500 39733023
11500 39741474
11750 39749915
12000 39758220
12250 39766561
12250 39774793
12500 39782983
12750 39791095
13000 39799154
13000 39807182
13250 39815093
13500 39822995
13750 39830774
13750 39838582
14000 39846297
14250 39853889
14250 39861459
14500 39869025
14750 39876521
15000 39883964
15250 39891356
15250 39898719
15500 39906031
15750 39913185
16000 39920308
16000 39927367
16250 39934450
16500 39941506
16750 39948448
16750 39955388
17000 39962322
17250 39969182
17500 39976021
17750 39982787
17750 39989567
18000 39996215
18250 40002812
18500 40009352
18500 40015860
18750 40022385
19000 40028877
19250 40035332
19500 40041753
19500 40048130
19750 40054469
20000 40060770
20250 40067039
20500 40073316
20500 40079607
20750 40085948
21000 40092322
21250 40098741
21500 40105197
21500 40111677
21750 40118185
22000 40124761
22250 40131372
22250 40137951
22500 40144567
22750 40151224
23000 40157905
23250 40164645
23250 40171426
23500 40178258
23750 40185124
24000 40192047
24250 40199004
24250 40206017
24500 40213090
24750 40220195
25000 40227350
25000 40234556
25250 40241848
25500 40249111
25750 40256471
25750 40263889
26000 40271399
26250 40278875
26500 40286440
26500 40294095
26750 40301754
27000 40309512
27250 40317337
27250 40325266
27500 40333266
27750 40341319
28000 40349470
28000 40357618
28250 40365831
28500 40374081
28750 40382449
28750 40390881
29000 40399383
29250 40407977
29250 40416644
29500 40425336
29750 40434166
30000 40443026
30000 40451999
30250 40461054
30500 40470171
30500 40479380
30750 40488671
31000 40498058
31000 40507532
31250 40517083
31500 40526758
31750 40536478
31750 40546280
32000 40556197
32250 40566183
32250 40576297
32500 40586495
32750 40596793
32750 40607192
33000 40617692
33250 40628310
33250 40639029
33500 40649835
33500 40660732
33750 40671800
34000 40683002
34000 40694388
34250 40705806
34500 40717354
34500 40729047
34750 40740870
34750 40752796
35000 40764837
35250 40777008
35250 40789293
35500 40801769
35500 40814361
35750 40827140
36000 40840117
36000 40853270
36250 40866599
36250 40880089
36500 40893777
36500 40907635
36750 40921716
36750 40936016
37000 40950452
37250 40965125
37250 40980016
37500 40995099
37500 41010466
37750 41026019
37750 41041823
37750 41057865
38000 41074204
38000 41090752
38250 41107597
38250 41124685
38500 41142119
38500 41159738
38750 41177780
38750 41196147
38750 41214840
39000 41233832
39000 41253211
39000 41272969
39250 41293117
39250 41313673
39250 41334634
39500 41356047
39500 41377854
39500 41400231
39500 41423167
39750 41446604
39750 41470568
39750 41495056
39750 41520125
39750 41545909
40000 41572354
40000 41599437
40000 41627392
40000 41656041
40000 41685598
40000 41715984
40000 41747370
40000 41779675
40000 41813121
40000 41847717
40000 41883489
40000 41920620
40000 41959115
39750 41999131
39750 42040821
39750 42084265
39500 42129726
39500 42177265
39250 42227251
39250 42279784
39000 42335207
38750 42393871
38500 42456087
38250 42522493
37750 42593521
37500 42670006
37000 42752800
36500 42843006
36000 42942137
35500 43052134
34750 43175617
33750 43316463
32750 43480265
31500 43676117
29750 43919546
27250 44241262
24000 44715101
16750 45615375
14000 46025640
6750 46925918
3500 47399826
1250 47721518
250 47965034
250 48161018
250 48324858
250 48465687
250 48589197
250 48699198
250 48798286
250 48888560
250 48971421
250 49047923
250 49119002
250 49185477
250 49247816
250 49306497
250 49361923
250 49414391
250 49464375
250 49512048
250 49557511
250 49600938
250 49642720
250 49682768
250 49721301
250 49758451
250 49794187
250 49828878
250 49862315
250 49894740
250 49926227
250 49956710
250 49986291
250 50015051
250 50043099
250 50070348
500 50096902
500 50122727
500 50147912
500 50172482
750 50196497
750 50220010
750 50242956
750 50265395
1000 50287314
1000 50308875
1000 50329957
1000 50350532
1250 50370786
1250 50390495
1500 50409932
1500 50429021
1500 50447832
1750 50466271
1750 50484418
1750 50502127
2000 50519577
2000 50536777
2250 50553683
2250 50570225
2500 50586478
2500 50602569
2750 50618329
2750 50633946
3000 50649364
3000 50664527
3250 50679407
3250 50694012
3500 50708382
3500 50722680
3750 50736773
3750 50750626
4000 50764318
4000 50777848
4250 50791126
4500 50804365
4500 50817359
4750 50830124
4750 50842712
5000 50855357
5250 50867728
5250 50879943
5500 50892021
5500 50903969
5750 50915725
6000 50927459
6000 50939025
6250 50950411
6500 50961717
6500 50972898
6750 50983960
7000 50994912
7000 51005761
7250 51016478
7500 51027000
7500 51037566
7750 51047924
7750 51058227
8000 51068364
8250 51078466
8500 51088413
8500 51098352
8750 51108111
9000 51117791
9000 51127413
9250 51136960
9500 51146384
9500 51155750
9750 51165050
10000 51174231
10000 51183281
10250 51192249
10500 51201176
10750 51209935
10750 51218697
11000 51227320
11250 51235917
11250 51244436
11500 51252895
11750 51261266
12000 51269569
12000 51277812
12250 51285976
12500 51294093
12500 51302133
12750 51310118
13000 51318056
13250 51325904
13250 51333695
13500 51341455
13750 51349129
14000 51356776
14000 51364388
14250 51371907
14500 51379385
14750 51386810
14750 51394173
15000 51401484
15250 51408744
15500 51415945
15750 51423101
15750 51430213
16000 51437257
16250 51444264
16500 51451220
16500 51458138
16750 51465002
17000 51471823
17250 51478617
17250 51485422
17500 51492068
17750 51498716
18000 51505320
18250 51511882
18250 51518403
18500 51524913
18750 51531335
19000 51537746
19250 51544190
19250 51550571
19500 51556965
19750 51563291
20000 51569597
20250 51575810
20250 51581990
20500 51588282
20750 51594627
21000 51600991
21000 51607398
21250 51613825
21500 51620319
21750 51626861
22000 51633430
22000 51640043
22250 51646695
22500 51653394
22750 51660131
23000 51666920
23000 51673752
23250 51680532
23500 51687495
23750 51694365
23750 51701349
24000 51708390
24250 51715454
24500 51722601
24750 51729810
24750 51737051
25000 51744337
25250 51751652
25500 51759020
25500 51766438
25750 51773866
26000 51781412
26250 51789003
26250 51796661
26500 51804329
26750 51812105
27000 51819937
27000 51827881
27250 51835770
27500 51843780
27750 51851861
27750 51859998
28000 51868200
28250 51876475
28500 51884802
28500 51893185
28750 51901663
29000 51910201
29250 51918719
29250 51927435
29500 51936198
29750 51945010
29750 51953883
30000 51962796
30250 51971851
30500 51980977
30500 51990188
30750 51999469
31000 52008853
31000 52018235
31250 52027788
31500 52037429
31500 52047147
31750 52056958
32000 52066812
32000 52076803
32250 52086887
32500 52097024
32500 52107355
32750 52117760
33000 52128267
33000 52138877
33250 52149596
33500 52160385
33500 52171381
33750 52182403
34000 52193478
34000 52204803
34250 52216216
34500 52227740
34500 52239449
34750 52251269
34750 52263177
35000 52275190
35250 52287347
35250 52299644
35500 52312095
35500 52324747
35750 52337502
35750 52350373
36000 52363527
36250 52376783
36250 52390225
36500 52403848
36500 52417642
36750 52431610
36750 52445855
37000 52460228
37000 52474756
37250 52489596
37250 52504633
37500 52519828
37500 52535353
37750 52551098
37750 52567081
38000 52583387
38000 52600027
38250 52616848
38250 52634004
38500 52651440
38500 52669153
38750 52687160
38750 52705505
38750 52724264
39000 52743280
39000 52762684
39250 52782415
39250 52802458
39250 52822884
39500 52843916
39500 52865348
39500 52887184
39500 52909548
39750 52932379
39750 52955783
39750 52979743
39750 53004323
39750 53029413
40000 53055203
40000 53081736
40000 53108842
40000 53136789
40000 53165460
40000 53195009
40000 53225331
40000 53256680
40000 53289052
40000 53322414
40000 53356814
40000 53392563
40000 53429581
39750 53467983
39750 53507920
39750 53549657
39500 53593036
39500 53638418
39500 53685919
39250 53735715
39000 53788110
39000 53843529
38750 53902067
38500 53964361
38250 54030718
37750 54101671
37500 54178159
37000 54260881
36500 54351098
36000 54450221
35250 54560303
34500 54683804
33750 54824662
32750 54988607
31500 55184511
29750 55427999
27250 55749583
23750 56223485
16750 57123595
13750 57533893
6750 58434209
3500 58908130
1000 59229725
250 59473161
250 59668976
250 59832876
250 59973649
250 60097429
250 60207349
250 60306480
250 60396696
250 60479489
250 60555953
250 60626992
250 60693405
250 60755671
250 60814256
250 60869636
250 60922189
250 60972086
250 61019642
250 61065037
250 61108514
250 61150181
250 61190133
250 61228646
250 61265712
250 61301491
250 61336019
250 61369443
250 61401825
250 61433233
250 61463508
500 61493075
500 61521795
500 61549705
500 61576836
500 61603289
750 61629098
750 61654229
750 61678759
750 61702694
750 61726077
1000 61748965
1000 61771327
1000 61793246
1000 61814681
1250 61835655
1250 61856239
1250 61876387
1500 61896145
1500 61915500
1750 61934516
1750 61953234
2000 61971493
2000 61989568
2250 62007305
2250 62024626
2500 62041792
2500 62058599
2500 62075141
2750 62091431
2750 62107449
3000 62123176
3000 62138748
3250 62154030
3250 62169132
3500 62184066
3500 62198743
3750 62213222
3750 62227390
4000 62241430
4250 62255315
4250 62269014
4500 62282492
4500 62295890
4750 62308966
4750 62321962
5000 62334814
5250 62347502
5250 62360005
5500 62372415
5500 62384652
5750 62396794
5750 62408644
6000 62420508
6250 62432269
6250 62443792
6500 62455236
6750 62466534
6750 62477643
7000 62488687
7250 62499629
7250 62510462
7500 62521160
7500 62531793
7750 62542237
8000 62552622
8000 62562903
8250 62573109
8500 62583165
8500 62593164
8750 62603062
9000 62612884
9000 62622595
9250 62632236
9500 62641741
9750 62651189
9750 62660560
10000 62669853
10250 62679030
10250 62688130
10500 62697150
10750 62706107
10750 62715015
11000 62723818
11250 62732504
11500 62741173
11500 62749753
11750 62758294
12000 62766657
12000 62775114
12250 62783444
12500 62791676
12750 62799882
12750 62808014
13000 62816089
13250 62824111
13500 62832063
13500 62839973
13750 62847788
14000 62855565
14250 62863284
14250 62870941
14500 62878524
14750 62886043
15000 62893497
15000 62900990
15250 62908338
15500 62915699
15750 62922974
16000 62930197
16000 62937385
16250 62944529
16500 62951608
16750 62958675
16750 62965696
17000 62972633
17250 62979531
17500 62986394
17750 62993234
17750 63000000
18000 63006700
18250 63013389
18500 63020048
18750 63026613
18750 63033200
19000 63039669
19250 63046108
19500 63052541
19500 63058963
19750 63065344
20000 63071643
20250 63077876
20500 63084218
20500 63090519
20750 63096972
21000 63103278
21250 63109734
21500 63116220
21500 63122657
21750 63129290
22000 63135899
22250 63142525
22250 63149199
22500 63155919
22750 63162705
23000 63169544
23250 63176359
23250 63183266
23500 63190187
23750 63197182
24000 63204237
24000 63211338
24250 63218495
24500 63225635
24750 63232813
25000 63240073
25000 63247450
25250 63254821
25500 63262265
25750 63269782
25750 63277278
26000 63284816
26250 63292436
26500 63300149
26500 63307921
26750 63315768
27000 63323585
27000 63331564
27250 63339629
27500 63347621
27750 63355810
27750 63363959
28000 63372222
28250 63380554
28500 63388953
28500 63397419
28750 63405953
29000 63414556
29000 63423222
29250 63432018
29500 63440798
29750 63449693
29750 63458629
30000 63467662
30250 63476739
30250 63485918
30500 63495176
30750 63504555
31000 63514024
31000 63523555
31250 63533154
31500 63542812
31500 63552624
31750 63562463
32000 63572435
32000 63582492
32250 63592690
32500 63602966
32500 63613374
32750 63623858
33000 63634451
33000 63645159
33250 63655992
33500 63666950
33500 63678009
33750 63689127
34000 63700471
34000 63711912
34250 63723504
34250 63735639
34500 63746964
34750 63758847
34750 63770884
35000 63783179
35250 63795548
35250 63808095
35500 63820780
35500 63833633
35750 63846670
35750 63859918
36000 63873210
36250 63886760
36250 63900449
36500 63914321
36500 63928344
36750 63942664
36750 63957111
37000 63971779
37000 63986640
37250 64001809
37250 64017118
37500 64032643
37500 64048506
37750 64064566
37750 64080834
38000 64097484
38000 64114316
38250 64131438
38250 64148865
38250 64166581
38500 64184620
38500 64202929
38750 64221617
38750 64240717
38750 64260107
39000 64279913
39000 64300041
39000 64320578
39250 64341575
39250 64362939
39250 64384860
39500 64407211
39500 64430125
39500 64453542
39500 64477526
39500 64502130
39750 64527213
39750 64552964
39750 64579447
39750 64606625
39750 64634389
39750 64663117
39750 64692557
39750 64723028
39750 64754245
39750 64786703
39750 64820103
39750 64854641
39750 64890486
39750 64927508
39500 64965980
39500 65006016
39500 65047727
39250 65091203
39250 65136556
39250 65184167
39000 65234124
38750 65286658
38500 65342083
38250 65400747
38000 65462980
37750 65529454
37500 65600492
37250 65676943
37000 65759665
36500 65849869
35750 65948972
35250 66058893
34500 66182391
33500 66323230
32500 66487084
31250 66682935
29500 66926392
27250 67248027
23500 67721930
16750 68622146
13750 69032409
6750 69932584
3000 70406527
750 70728130
250 70971612
250 71167523
250 71331265
250 71472132
250 71595681
250 71705627
250 71804751
250 71894986
250 71977780
250 72054230
250 72125314
250 72191750
250 72253994
250 72313338
250 72368100
250 72420679
250 72470572
250 72518154
250 72563567
250 72607043
250 72648745
250 72688729
250 72727238
250 72764284
250 72800047
250 72834696
250 72868158
250 72900597
250 72931965
250 72962488
500 72991926
500 73020684
500 73048589
500 73075720
500 73102080
750 73127872
750 73153112
750 73177656
750 73201634
750 73225045
1000 73247984
1000 73270353
1000 73292220
1250 73313663
1250 73334518
1250 73355218
1500 73375280
1500 73395085
1750 73414440
1750 73433459
1750 73452151
2000 73470476
2000 73488535
2250 73506255
2250 73523708
2250 73540811
2500 73557659
2500 73574130
2750 73590358
2750 73606458
3000 73622156
3000 73637673
3250 73653029
3250 73668095
3500 73683022
3500 73697728
3750 73712193
4000 73726452
4000 73740481
4250 73754290
4250 73768116
4500 73781591
4500 73794928
4750 73808146
4750 73821136
5000 73834004
5250 73846712
5250 73859267
5500 73871656
5500 73883845
5750 73895972
6000 73907948
6000 73919773
6250 73931486
6250 73943104
6500 73954541
6750 73965828
6750 73977024
7000 73988108
7250 73999067
7250 74009869
7500 74020552
7750 74031089
7750 74041587
8000 74051999
8250 74062181
8250 74072359
8500 74082490
8750 74092400
8750 74102355
9000 74112149
9250 74121808
9250 74131465
9500 74140976
9750 74150430
9750 74159752
10000 74169045
10250 74178186
10250 74187273
10500 74196239
10750 74205184
11000 74214100
11000 74222887
11250 74231612
11500 74240276
11500 74248874
11750 74257389
12000 74265823
12250 74274225
12250 74282528
12500 74290728
12750 74299002
13000 74307114
13000 74315174
13250 74323192
13500 74331148
13500 74339020
13750 74346863
14000 74354584
14250 74362335
14250 74370003
14500 74377580
14750 74385132
15000 74392583
15250 74400070
15250 74407432
15500 74414772
15750 74422052
16000 74429294
16000 74436480
16250 74443615
16500 74450672
16750 74457754
16750 74464729
17000 74471691
17250 74478593
17500 74485443
17500 74492285
17750 74499000
18000 74505740
18250 74512444
18500 74519094
18500 74525667
18750 74532252
19000 74538710
19250 74545260
19500 74551681
19500 74558089
19750 74564468
20000 74570755
20250 74577115
20500 74583388
20500 74589726
20750 74596075
21000 74602483
21250 74608975
21250 74615366
21500 74621825
21750 74628371
22000 74634970
22250 74641596
22250 74648282
22500 74655037
22750 74661770
23000 74668545
23000 74675354
23250 74682291
23500 74689251
23750 74696254
24000 74703310
24000 74710352
24250 74717503
24500 74724660
24750 74731865
24750 74739156
25000 74746506
25250 74753842
25500 74761305
25500 74768803
25750 74776354
26000 74783951
26250 74791611
26250 74799333
26500 74807109
26750 74814892
27000 74822748
27000 74830687
27250 74838637
27500 74846783
27750 74854884
27750 74863059
28000 74871324
28250 74879666
28500 74888019
28500 74896475
28750 74905054
29000 74913569
29000 74922174
29250 74930950
29500 74939759
29750 74948646
29750 74957619
30000 74966660
30250 74975721
30250 74984891
30500 74994171
30750 75003561
30750 75013004
31000 75022448
31250 75032076
31500 75041762
31500 75051572
31750 75061475
32000 75071464
32000 75081561
32250 75091772
32500 75102058
32500 75112434
32750 75122912
33000 75133544
33000 75144372
33250 75155117
33500 75166095
33500 75177122
33750 75188261
34000 75199605
34000 75210967
34250 75222491
34500 75234154
34500 75246058
34750 75257998
34750 75270103
35000 75282252
35250 75294623
35250 75307241
35500 75319813
35500 75332623
35750 75345733
36000 75358865
36000 75372262
36250 75385768
36250 75399428
36500 75413253
36750 75427339
36750 75441625
37000 75456090
37000 75470785
37250 75485665
37250 75500774
37500 75516101
37500 75531684
37750 75547462
37750 75563500
38000 75579764
38000 75596367
38250 75613229
38250 75630343
38500 75647769
38500 75665456
38750 75683520
38750 75701868
38750 75720541
39000 75739576
39000 75758919
39000 75778817
39250 75798892
39250 75819462
39250 75840442
39500 75861909
39500 75883818
39500 75906191
39750 75929065
39750 75952458
39750 75976360
39750 76000913
39750 76025968
40000 76051794
40000 76078221
40000 76105455
40000 76133311
40000 76162027
40000 76191609
40000 76222049
40000 76253422
40000 76285716
40000 76319128
40000 76353659
39750 76389485
39750 76426567
39750 76465022
39750 76505103
39750 76546788
39750 76590202
39500 76635550
39250 76683154
39250 76733062
39000 76785584
39000 76841072
38750 76899739
38500 76962108
38250 77028520
38000 77099681
37500 77176068
37000 77258809
36500 77348985
36000 77448138
35500 77558123
34500 77681571
33750 77822499
32750 77986293
31500 78182100
29750 78425552
27250 78747213
23750 79221063
16750 80121279
13750 80531626
7000 81431827
3250 81905713
1250 82227390
250 82470950
250 82666734
250 82830678
250 82971528
250 83094990
250 83204974
250 83304159
250 83394269
250 83477086
250 83553647
250 83624752
250 83691158
250 83753404
250 83812089
250 83867540
250 83920089
250 83970130
250 84017669
250 84063153
250 84106693
250 84148376
250 84188394
250 84226996
250 84264063
250 84299934
250 84334502
250 84367910
250 84400246
250 84431567
250 84462031
250 84491598
500 84520246
500 84548134
500 84575191
500 84601590
500 84627432
500 84652603
500 84677104
750 84701041
750 84724460
750 84747351
750 84769667
1000 84791572
1000 84812979
1000 84833879
1250 84854438
1250 84874607
1250 84894340
1500 84913760
1500 84932800
1500 84951427
1750 84969798
1750 84987793
2000 85005571
2000 85022910
2000 85040040
2250 85056890
2250 85073415
2500 85089721
2500 85105804
2750 85121622
2750 85137151
3000 85152487
3000 85167599
3250 85182500
3500 85197151
3500 85211629
3750 85225761
3750 85239885
4000 85253769
4000 85267451
4250 85280921
4500 85294216
4500 85307345
4750 85320293
4750 85333204
5000 85345869
5250 85358407
5250 85370783
5500 85383041
5500 85395082
5750 85407048
6000 85418841
6000 85430574
6250 85442127
6250 85453539
6500 85464796
6750 85475981
6750 85486982
7000 85497891
7250 85508726
7250 85519434
7500 85530008
7750 85540519
7750 85550929
8000 85561224
8250 85571422
8250 85581463
8500 85591453
8750 85601399
8750 85611168
9000 85620889
9250 85630477
9500 85639989
9500 85649456
9750 85658817
10000 85668067
10250 85677207
10250 85686312
10500 85695329
10750 85704262
10750 85713147
11000 85721977
11250 85730685
11500 85739359
11500 85747961
11750 85756493
12000 85764965
12000 85773411
12250 85781685
12500 85789949
12750 85798152
12750 85806307
13000 85814360
13250 85822368
13500 85830335
13500 85838211
13750 85846042
14000 85853823
14250 85861543
14250 85869177
14500 85876736
14750 85884273
15000 85891774
15000 85899221
15250 85906621
15500 85913946
15750 85921242
15750 85928484
16000 85935684
16250 85942811
16500 85949916
16500 85956973
16750 85963978
17000 85970905
17250 85977804
17500 85984683
17500 85991505
17750 85998290
18000 86004951
18250 86011739
18250 86018361
18500 86024978
18750 86031547
19000 86038077
19250 86044578
19250 86051026
19500 86057449
19750 86063819
20000 86070164
20250 86076422
20250 86082666
20500 86089058
20750 86095410
21000 86101797
21250 86108264
21250 86114738
21500 86121272
21750 86127824
22000 86134425
22000 86141116
22250 86147780
22500 86154535
22750 86161252
23000 86168069
23000 86174947
23250 86181861
23500 86188807
23750 86195889
23750 86202944
24000 86210057
24250 86217205
24500 86224388
24500 86231571
24750 86238838
25000 86246181
25250 86253580
25500 86261033
25500 86268557
25750 86276028
26000 86283612
26250 86291275
26250 86299018
26500 86306785
26750 86314616
26750 86322519
27000 86330465
27250 86338394
27500 86346516
27500 86354664
27750 86362856
28000 86371093
28250 86379422
28250 86387818
28500 86396271
28750 86404805
28750 86413531
29000 86422083
29250 86430832
29500 86439660
29500 86448554
29750 86457521
30000 86466546
30000 86475614
30250 86484818
30500 86494111
30750 86503489
30750 86512936
31000 86522461
31250 86532112
31250 86541784
31500 86551603
31750 86561499
31750 86571501
32000 86581586
32250 86591794
32250 86602091
32500 86612545
32750 86623012
32750 86633643
33000 86644315
33250 86655192
33250 86666098
33500 86677188
33500 86688333
33750 86699630
34000 86711108
34000 86722672
34250 86734359
34500 86746182
34500 86758140
34750 86770138
34750 86782378
35000 86794824
35250 86807393
35250 86820063
35500 86832907
35500 86845928
35750 86859070
35750 86872432
36000 86885898
36250 86899669
36250 86913563
36500 86927679
36500 86941983
36750 86956437
36750 86971080
37000 86985906
37000 87001076
37250 87016423
37250 87031935
37500 87047806
37500 87063868
37750 87080105
37750 87096743
38000 87113612
38000 87130767
38250 87148191
38250 87165930
38500 87184006
38500 87202415
38500 87221082
38750 87240132
38750 87259523
38750 87279301
39000 87299481
39000 87320113
39250 87341103
39250 87362614
39250 87384484
39500 87406939
39500 87429887
39500 87453311
39500 87477260
39750 87501845
39750 87526968
39750 87552757
39750 87579272
40000 87606461
40000 87634332
40000 87663085
40000 87692566
40000 87722952
40000 87754308
40000 87786604
40000 87820041
39750 87854629
39750 87890377
39750 87927444
39750 87966037
39500 88005967
39500 88047746
39500 88091295
39250 88136755
39250 88184334
39000 88234231
38750 88286763
38500 88342128
38250 88400783
38000 88463133
37750 88529528
37500 88600690
37250 88677163
36750 88759887
36250 88850144
35750 88949277
35250 89059240
34500 89182846
33500 89323600
32500 89487447
31250 89683365
29500 89926801
27250 90248456
23750 90722404
16750 91622717
13750 92032999
6750 92933269
3250 93407057
750 93728709
250 93972265
250 94168128
250 94332074
250 94472955
250 94596530
250 94706450
250 94805496
250 94895767
250 94978519
250 95055028
250 95126057
250 95192418
250 95254717
250 95313313
250 95368702
250 95421307
250 95471223
250 95518858
250 95564346
250 95607819
250 95649577
250 95689576
250 95728078
250 95765223
250 95801575
250 95835499
250 95868917
250 95901271
250 95932619
250 95963084
250 95992592
250 96021290
250 96049235
250 96076376
500 96102870
500 96128653
500 96153862
500 96178411
500 96202479
750 96225861
750 96248748
750 96271145
750 96293032
1000 96314385
1000 96335403
1000 96355993
1250 96376113
1250 96395927
1250 96415311
1500 96434367
1500 96453041
1500 96471416
1750 96489444
1750 96507189
2000 96524579
2000 96541746
2250 96558567
2250 96575119
2500 96591439
2500 96607511
2750 96623372
2750 96638894
3000 96654253
3000 96669362
3250 96684191
3250 96698905
3500 96713401
3500 96727535
3750 96741674
3750 96755505
4000 96769206
4250 96782738
4250 96796153
4500 96809319
4750 96822306
4750 96835151
5000 96847849
5000 96860342
5250 96872722
5500 96884918
5500 96897061
5750 96908924
5750 96920787
6000 96932451
6250 96944008
6250 96955523
6500 96966790
6750 96977987
6750 96989040
7000 96999979
7250 97010798
7250 97021494
7500 97032101
7750 97042562
7750 97052918
8000 97063191
8250 97073397
8250 97083517
8500 97093522
8750 97103420
9000 97113245
9000 97122915
9250 97132607
9500 97142131
9500 97151567
9750 97160858
10000 97170175
10000 97179329
10250 97188468
10500 97197520
10500 97206463
10750 97215394
11000 97224173
11250 97232936
11250 97241598
11500 97250218
11750 97258700
11750 97267123
12000 97275436
12250 97283741
12500 97292006
12500 97300204
12750 97308323
13000 97316391
13250 97324418
13250 97332348
13500 97340221
13750 97348050
14000 97355826
14000 97363559
14250 97371214
14500 97378818
14750 97386372
14750 97393874
15000 97401337
15250 97408673
15500 97416000
15500 97423270
15750 97430521
16000 97437715
16250 97444818
16250 97451959
16500 97458967
16750 97465905
17000 97472849
17000 97479751
17250 97486614
17500 97493419
17750 97500199
18000 97506939
18000 97513604
18250 97520229
18500 97526854
18750 97533419
19000 97539952
19000 97546448
19250 97552910
19500 97559288
19750 97565607
19750 97571920
20000 97578226
20250 97584480
20500 97590750
20750 97597064
20750 97603393
21000 97609726
21250 97616116
21500 97622568
21750 97629074
21750 97635597
22000 97642176
22250 97648781
22500 97655444
22750 97662120
22750 97668791
23000 97675558
23250 97682363
23500 97689228
23500 97696139
23750 97703114
24000 97710062
24250 97717087
24250 97724182
24500 97731331
24750 97738526
25000 97745750
25250 97753032
25250 97760311
25500 97767632
25750 97775079
26000 97782571
26000 97790123
26250 97797781
26500 97805405
26750 97813120
26750 97820902
27000 97828734
27250 97836620
27500 97844576
27500 97852592
27750 97860618
28000 97868772
28000 97876968
28250 97885166
28500 97893495
28750 97901863
28750 97910274
29000 97918782
29250 97927373
29500 97936017
29500 97944778
29750 97953577
30000 97962474
30250 97971435
30250 97980492
30500 97989605
30750 97998826
30750 98008114
31000 98017438
31250 98026975
31250 98036514
31500 98046193
31750 98055858
32000 98065662
32000 98075645
32250 98085571
32500 98095708
32750 98105928
32750 98116209
33000 98126611
33000 98137110
33250 98147728
33500 98158380
33500 98169222
33750 98180167
34000 98191221
34000 98202312
34250 98213571
34500 98224992
34500 98236561
34750 98248173
35000 98259975
35000 98271935
35250 98283971
35250 98296218
35500 98308610
35750 98321151
35750 98333854
36000 98346667
36250 98359640
36250 98372747
36500 98386155
36500 98399641
36750 98413330
36750 98427216
37000 98441298
37000 98455576
37250 98470029
37500 98484725
37500 98499677
37750 98514763
37750 98530154
38000 98545721
38000 98561478
38000 98577614
38250 98593960
38250 98610486
38500 98627292
38500 98644385
38750 98661832
38750 98679614
39000 98697603
39000 98715923
39000 98734538
39250 98753632
39250 98773021
39250 98792729
39500 98812902
39500 98833474
39500 98854472
39750 98875819
39750 98897724
39750 98920100
39750 98942949
40000 98966421
40000 98990300
40000 99014831
40000 99039973
40000 99065758
40000 99092164
40000 99119250
40000 99147198
40000 99175908
40000 99205492
40000 99235825
40000 99267182
40000 99299533
40000 99333039
40000 99367616
40000 99403468
40000 99440573
39750 99479186
39750 99519190
39750 99560956
39500 99604418
39500 99649853
39250 99697474
39250 99747376
39000 99799907
38750 99855249
38500 99913947
38250 99976153
38000 100042567
37750 100113633
37500 100190202
37000 100272989
36500 100363196
36000 100462358
35500 100572299
34750 100695775
33750 100836715
32750 101000560
31250 101196408
29500 101439932
27250 101761579
23750 102235465
17000 103135703
14000 103545956
7000 104446231
3500 104920147
1000 105241805
250 105485304
250 105681155
250 105845095
250 105985945
250 106109526
250 106219445
250 106318544
250 106408861
250 106491652
250 106568142
250 106639193
250 106705619
250 106767862
250 106826601
250 106881997
250 106934578
250 106984454
250 107032024
250 107077459
250 107120966
250 107162636
250 107202602
250 107241105
250 107278166
250 107313828
250 107348409
250 107381785
250 107414162
250 107445463
250 107475865
250 107505452
250 107534125
250 107562020
250 107589106
250 107615625
500 107641370
500 107666589
500 107691113
500 107715052
500 107738449
750 107761365
750 107783717
750 107805605
1000 107826975
1000 107847903
1000 107868488
1000 107888660
1250 107908468
1250 107927826
1500 107946805
1500 107965480
1500 107983826
1750 108001857
1750 108019501
2000 108036972
2000 108054040
2000 108071381
2250 108087548
2250 108103851
2500 108119919
2500 108135702
2750 108151260
2750 108166514
3000 108181662
3000 108196538
3250 108211265
3250 108225758
3500 108240046
3500 108254074
3750 108267974
4000 108281656
4000 108295188
4250 108308516
4250 108321666
4500 108334661
4500 108347462
4750 108360142
5000 108372580
5000 108385076
5250 108397275
5250 108409410
5500 108421344
5750 108433134
5750 108444845
6000 108456416
6250 108467822
6250 108479117
6500 108490345
6750 108501443
6750 108512404
7000 108523240
7250 108533941
7250 108544512
7500 108555054
7750 108565468
7750 108575743
8000 108585883
8250 108595968
8500 108605914
8500 108615868
8750 108625663
9000 108635403
9000 108644993
9250 108654530
9500 108663992
9500 108673367
9750 108682641
10000 108691852
10000 108700984
10250 108710026
10500 108718990
10750 108727859
10750 108736659
11000 108745403
11250 108754092
11250 108762682
11500 108771216
11750 108779700
12000 108788070
12000 108796394
12250 108804600
12500 108812861
12750 108821033
12750 108829053
13000 108837035
13250 108844986
13500 108852929
13500 108860762
13750 108868517
14000 108876190
14000 108883770
14250 108891376
14500 108898908
14750 108906412
15000 108913873
15000 108921291
15250 108928622
15500 108935859
15750 108943053
15750 108950242
16000 108957330
16250 108964466
16500 108971515
16500 108978529
16750 108985490
17000 108992379
17250 108999240
17250 109006070
17500 109012791
17750 109019524
18000 109026183
18250 109032806
18250 109039403
18500 109045972
18750 109052506
19000 109058960
19250 109065454
19250 109071824
19500 109078196
19750 109084502
20000 109090809
20000 109097033
20250 109103341
20500 109109564
20750 109115883
21000 109122212
21000 109128593
21250 109134977
21500 109141430
21750 109147897
22000 109154397
22000 109160976
22250 109167577
22500 109174233
22750 109180931
23000 109187664
23000 109194451
23250 109201328
23500 109208154
23750 109215063
23750 109222021
24000 109229046
24250 109236083
24500 109243184
24500 109250260
24750 109257460
25000 109264697
25250 109271980
25500 109279293
25500 109286658
25750 109294109
26000 109301608
26250 109309155
26250 109316765
26500 109324432
26750 109332163
27000 109339927
27000 109347764
27250 109355642
27500 109363642
27500 109371608
27750 109379720
28000 109387835
28250 109396003
28250 109404270
28500 109412597
28750 109420992
29000 109429413
29000 109438091
29250 109446591
29500 109455195
29500 109463920
29750 109472665
30000 109481554
30250 109490523
30250 109499623
30500 109508701
30750 109517908
30750 109527202
31000 109536563
31250 109545994
31250 109555537
31500 109565176
31750 109574849
32000 109584659
32000 109594534
32250 109604538
32500 109614627
32500 109624819
32750 109635157
33000 109645522
33000 109656028
33250 109666629
33250 109677339
33500 109688130
33750 109699112
33750 109710149
34000 109721364
34250 109732675
34250 109744022
34500 109755594
34750 109767239
34750 109778995
35000 109790889
35000 109803034
35250 109815275
35500 109827602
35500 109840151
35750 109852810
35750 109865710
36000 109878717
36000 109891861
36250 109905240
36500 109918679
36500 109932351
36750 109946229
36750 109960292
37000 109974570
37000 109989029
37250 110003676
37250 110018492
37500 110033667
37500 110048960
37750 110064534
37750 110080400
38000 110096420
38000 110112689
38250 110129276
38250 110146046
38500 110163202
38500 110180623
38750 110198340
38750 110216400
38750 110234694
39000 110253368
39000 110272435
39250 110291850
39250 110311615
39250 110331795
39500 110352439
39500 110373489
39500 110394949
39750 110416909
39750 110439275
39750 110462140
39750 110485489
39750 110509390
40000 110533917
40000 110559055
40000 110584821
40000 110611290
40000 110638493
40000 110666403
40000 110695069
40000 110724629
40000 110755028
40000 110786407
40000 110818713
40000 110852199
40000 110886810
40000 110922604
40000 110959650
40000 110998244
40000 111038348
39750 111080052
39750 111123564
39750 111168949
39500 111216591
39500 111266527
39250 111319109
39000 111374575
38750 111433258
38500 111495474
38250 111561952
38000 111633085
37500 111709562
37000 111792299
36750 111882581
36000 111981696
35500 112091673
34750 112215243
34000 112356140
32750 112520044
31750 112716014
30000 112959504
27500 113281092
23750 113754992
17000 114655230
14000 115065489
7000 115965782
3500 116439660
1250 116761320
250 117004802
250 117200688
250 117364550
250 117505408
250 117628920
250 117738983
250 117838129
250 117928403
250 118011156
250 118087681
250 118158760
250 118225233
250 118287528
250 118346200
250 118401544
250 118454049
250 118504017
250 118551663
250 118597101
250 118640668
250 118682399
250 118722495
250 118760898
250 118797860
250 118833661
250 118868143
250 118901512
250 118933776
250 118965085
250 118995276
500 119024779
500 119053380
500 119081249
500 119108449
500 119134857
500 119160676
500 119185831
500 119210316
750 119234305
750 119257678
750 119280466
750 119302848
1000 119324745
1000 119346131
1000 119367111
1250 119387651
1250 119407785
1250 119427563
1500 119446960
1500 119465999
1750 119484661
1750 119503015
2000 119521015
2000 119538727
2250 119556083
2250 119573285
2250 119590083
2500 119606714
2500 119623040
2750 119639117
2750 119654922
3000 119670497
3000 119685870
3250 119700977
3250 119715839
3500 119730476
3500 119744869
3750 119759152
3750 119773264
4000 119786994
4000 119800794
4250 119814224
4500 119827566
4500 119840750
4750 119853748
4750 119866554
5000 119879185
5000 119891741
5250 119904126
5500 119916329
5500 119928374
5750 119940379
6000 119952140
6000 119963826
6250 119975375
6250 119986772
6500 119997972
6750 120009198
6750 120020257
7000 120031132
7250 120041958
7250 120052679
7500 120063294
7750 120073801
7750 120084224
8000 120094845
8000 120105032
8250 120115126
8500 120125132
8500 120135006
8750 120144812
9000 120154535
9250 120164160
9250 120173751
9500 120183188
9750 120192532
9750 120201818
10000 120210939
10250 120220034
10250 120229059
10500 120238033
10750 120246926
11000 120255749
11000 120264487
11250 120273165
11500 120281715
11500 120290257
11750 120298725
12000 120307118
12250 120315455
12250 120323726
12500 120331919
12750 120340050
12750 120348162
13000 120356143
13250 120364068
13500 120371953
13500 120379755
13750 120387539
14000 120395259
14250 120402922
14250 120410478
14500 120417999
14750 120425520
15000 120432973
15000 120440362
15250 120447717
15500 120454977
15750 120462186
16000 120469344
16000 120476456
16250 120483554
16500 120490614
16750 120497628
16750 120504579
17000 120511452
17250 120518323
17500 120525143
17500 120531926
17750 120538625
18000 120545364
18250 120551987
18500 120558593
18500 120565162
18750 120571696
19000 120578086
19250 120584589
19500 120591004
19500 120597374
19750 120603708
20000 120609960
20250 120616226
20500 120622461
20500 120628786
20750 120635085
21000 120641460
21250 120647871
21250 120654332
21500 120660795
21750 120667338
22000 120673898
22250 120680511
22250 120687144
22500 120693829
22750 120700578
23000 120707363
23000 120714124
23250 120721061
23500 120727932
23750 120734920
24000 120741899
24000 120748949
24250 120756051
24500 120763189
24750 120770379
24750 120777594
25000 120784891
25250 120792200
25500 120799584
25500 120807058
25750 120814535
26000 120822011
26250 120829695
26250 120837353
26500 120845049
26750 120852822
27000 120860605
27000 120868491
27250 120876414
27500 120884427
27750 120892465
27750 120900607
28000 120908814
28250 120917075
28500 120925403
28500 120933794
28750 120942217
29000 120950754
29000 120959294
29250 120967884
29500 120976601
29750 120985413
29750 120994333
30000 121003291
30250 121012341
30500 121021461
30500 121030670
30750 121039954
31000 121049333
31000 121058777
31250 121068319
31500 121077956
31500 121087672
31750 121097471
32000 121107372
32000 121117404
32250 121127464
32500 121137672
32500 121147987
32750 121158370
33000 121168909
33000 121179513
33250 121190232
33500 121201072
33500 121212019
33750 121223089
34000 121234273
34000 121245571
34250 121257002
34500 121268488
34500 121280167
34750 121291950
34750 121303926
35000 121316053
35250 121328379
35250 121340727
35500 121353284
35500 121365923
35750 121378793
35750 121391809
36000 121405006
36250 121418313
36250 121431853
36500 121445495
36500 121459437
36750 121473519
36750 121487767
37000 121502227
37000 121516957
37250 121531879
37250 121546900
37500 121562265
37500 121577836
37750 121593652
37750 121609700
38000 121626009
38000 121642635
38250 121659492
38250 121676599
38500 121694009
38500 121711704
38500 121729741
38750 121748108
38750 121766794
39000 121785732
39000 121805071
39250 121824902
39250 121845000
39250 121865567
39500 121886569
39500 121908019
39500 121929844
39500 121952169
39750 121975024
39750 121998387
39750 122022286
40000 122046763
40000 122071922
40000 122097550
40000 122123936
40000 122151097
40000 122178899
40000 122207424
40000 122236966
40000 122267325
40000 122298676
40000 122331005
39750 122364368
39750 122399018
39750 122434683
39750 122471794
39750 122510337
39500 122551028
39500 122592068
39500 122635516
39250 122680871
39250 122728365
39000 122778214
38750 122830711
38500 122886066
38500 122944640
38000 123006881
38000 123073200
37750 123144270
37500 123220754
37000 123303478
36500 123393597
36000 123492748
35250 123602723
34750 123726212
33750 123866980
32750 124030719
31250 124226770
29500 124470083
27250 124791617
23566 125265614
