250 1479006547514864 
500 90333 
750 91000 
1000 91733 
1250 92465 
1500 93213 
1750 93966 
2000 94710 
2250 95471 
2500 96229 
2750 96988 
3000 97677 
3250 98569 
3500 99339 
3750 100137 
4000 100888 
4250 101705 
4500 102558 
4750 103389 
5000 104220 
5250 105118 
5500 105980 
5750 106856 
6000 107839 
6250 108632 
6500 109667 
6750 110568 
7000 111525 
7250 112424 
7500 113458 
7750 114450 
8000 115418 
8250 116455 
8500 117523 
8750 118582 
9000 119619 
9250 120782 
9500 121881 
9750 122985 
10000 124148 
10250 125389 
10500 126614 
10750 127810 
11000 129121 
11250 130413 
11500 131742 
11750 133103 
12000 134491 
12250 135948 
12500 137449 
12750 138992 
13000 140580 
13250 142214 
13500 143881 
13750 145614 
14000 147416 
14250 149299 
14500 151240 
14750 153250 
15000 155349 
15250 157477 
15500 159788 
15750 162125 
16000 164561 
16250 167167 
16500 169913 
16750 172802 
17000 175847 
17250 179080 
17500 182566 
17750 186271 
18000 190323 
18250 194770 
18500 199679 
18750 205147 
19000 211350 
19250 218500 
19500 226888 
19750 237152 
20000 250469 
20250 269320 
20500 301925 
20750 424018 
21000 514285 
21250 604494 
21500 694752 
21750 784878 
22000 875222 
22250 965406 
22500 1055654 
22750 1145816 
23000 1236055 
23250 1326290 
23500 1416496 
23750 1506765 
24000 1596957 
24250 1687179 
24500 1777386 
24750 1867552 
25000 1957758 
25250 2047951 
25500 2138168 
25750 2228307 
26000 2318595 
26250 2408791 
26500 2498980 
26000 2589189 
25500 2679403 
25000 2769627 
24500 2859765 
24000 2949945 
23500 3040108 
23000 3130350 
22500 3220538 
22000 3310675 
21500 3400896 
21000 3491175 
20500 3581358 
20000 3671499 
19500 3761705 
19500 3790303 
19750 3802609 
19750 3815606 
20000 3834470 
20000 3852551 
20000 3885315 
20000 3915636 
20000 3946102 
20000 3976620 
20000 4007082 
20000 4037594 
20000 4068109 
20000 4098671 
20000 4129246 
20000 4159645 
20000 4190144 
20000 4220597 
20000 4251114 
20000 4281612 
20000 4312149 
20000 4342688 
20000 4373190 
20000 4403744 
20000 4434130 
20000 4464652 
20000 4495131 
20000 4525731 
20000 4556091 
20000 4586565 
20000 4617083 
20000 4647602 
20000 4678149 
20000 4708810 
20000 4739323 
20000 4769783 
20000 4800385 
20000 4830855 
20000 4861363 
20000 4891874 
20000 4922307 
20000 4952853 
20000 4983458 
20000 5013937 
20000 5044446 
20000 5074957 
20000 5105464 
20000 5135978 
20000 5166453 
20000 5196968 
20000 5227483 
20000 5257967 
20000 5288489 
20000 5318982 
20000 5349451 
20000 5379952 
20000 5410455 
20000 5440938 
20000 5471377 
20000 5501978 
20000 5532548 
20000 5563050 
20000 5593474 
20000 5624108 
20000 5654502 
20000 5684975 
20000 5715491 
20000 5746023 
20000 5776462 
20000 5806901 
20000 5837459 
20000 5868031 
20000 5898543 
20000 5929048 
20000 5959603 
20000 5990120 
20000 6020628 
20000 6051248 
20000 6081691 
20000 6112280 
20000 6142804 
20000 6173305 
20000 6203844 
20000 6234224 
20000 6264712 
20000 6295211 
20000 6325806 
20000 6356260 
20000 6386833 
20000 6417341 
20000 6447872 
20000 6478370 
20000 6508853 
20000 6539387 
20000 6569918 
20000 6600438 
20000 6630920 
20000 6661413 
20000 6691931 
20000 6722476 
20000 6752945 
20000 6783503 
20000 6813968 
20000 6844509 
20000 6874979 
20000 6905533 
20000 6936003 
20000 6966547 
20000 6997076 
20000 7027578 
20000 7058098 
20000 7088611 
20000 7119152 
20000 7149684 
20000 7180257 
20000 7210839 
20000 7241400 
20000 7271857 
20000 7302312 
20000 7332809 
20000 7363351 
20000 7393827 
20000 7424363 
20000 7454784 
20000 7485306 
20000 7515765 
20000 7546342 
20000 7576840 
20000 7607304 
20000 7637855 
20000 7668336 
20000 7698908 
20000 7729427 
20000 7759789 
20000 7790231 
20000 7820783 
20000 7851331 
20000 7881960 
20000 7912354 
20000 7942833 
20000 7973404 
20000 8003926 
20000 8034339 
20000 8064892 
20000 8095341 
20000 8125934 
20000 8156466 
20000 8186894 
20000 8217434 
20000 8247914 
20000 8278454 
20000 8308873 
20000 8339424 
20000 8369948 
20000 8400480 
20000 8430975 
20000 8461450 
20000 8492003 
20000 8522576 
20000 8553030 
20000 8583563 
20000 8614067 
20000 8644609 
20000 8675078 
20000 8705599 
20000 8736164 
20000 8766611 
20000 8797155 
20000 8827649 
20000 8858055 
20000 8888623 
20000 8919082 
20000 8949586 
20000 8980070 
20000 9010537 
20000 9041068 
20000 9071624 
20000 9102083 
20000 9132630 
20000 9163192 
20000 9193665 
20000 9224148 
20000 9254648 
20000 9285125 
20000 9315636 
20000 9346088 
20000 9376593 
20000 9407115 
20000 9437598 
20000 9468120 
20000 9498583 
20000 9529099 
20000 9559603 
20000 9589999 
20000 9620590 
20000 9651099 
20000 9681569 
20000 9712071 
20000 9742540 
20000 9773041 
20000 9803579 
20000 9834066 
20000 9864528 
20000 9895047 
20000 9925559 
20000 9956075 
20000 9986542 
20000 10016997 
20000 10047503 
20000 10078011 
20000 10108530 
20000 10139032 
20000 10169557 
20000 10200053 
20000 10230588 
20000 10261077 
20000 10291590 
20000 10322045 
20000 10352553 
20000 10383076 
20000 10413599 
20000 10444140 
20000 10474589 
20000 10505102 
20000 10535602 
20000 10566127 
20000 10596642 
20000 10627181 
20000 10657698 
20000 10688211 
20000 10718694 
20000 10749221 
20000 10779758 
20000 10810300 
20000 10840785 
20000 10871293 
20000 10901807 
20000 10932295 
20000 10962799 
20000 10993327 
20000 11023834 
20000 11054325 
20000 11084853 
20000 11115352 
20000 11145870 
20000 11176400 
20000 11206919 
20000 11237425 
20000 11267944 
20000 11298458 
20000 11328955 
20000 11359580 
20000 11390117 
20000 11420590 
20000 11451128 
20000 11481617 
20000 11512197 
20000 11542682 
20000 11573243 
20000 11603749 
20000 11634260 
20000 11664768 
20000 11695298 
20000 11725818 
20000 11756262 
20000 11786737 
20000 11817282 
20000 11847799 
20000 11878252 
20000 11908802 
20000 11939288 
20000 11969822 
20000 12000368 
20000 12030849 
20000 12061415 
20000 12091895 
20000 12122484 
20000 12152989 
20000 12183578 
20000 12214112 
20000 12244584 
20000 12275149 
20000 12305660 
20000 12336129 
20000 12366720 
20000 12397183 
20000 12427741 
20000 12458177 
20000 12488762 
20000 12519211 
20000 12549728 
20000 12580237 
20000 12610760 
20000 12641268 
20000 12671744 
20000 12702347 
20000 12732812 
20000 12763366 
20000 12793916 
20000 12824404 
20000 12854890 
20000 12885398 
20000 12915910 
20000 12946425 
20000 12976935 
20000 13007483 
20000 13037976 
20000 13068492 
20000 13099010 
20000 13129514 
20000 13160054 
20000 13190552 
20000 13221084 
20000 13251616 
20000 13282149 
20000 13312666 
20000 13343206 
20000 13373813 
20000 13404338 
20000 13434843 
20000 13465380 
20000 13495942 
20000 13526381 
20000 13556932 
20000 13587475 
20000 13617954 
20000 13648577 
20000 13678992 
20000 13709536 
20000 13740025 
20000 13770512 
20000 13801078 
20000 13831597 
20000 13862154 
20000 13892682 
20000 13923219 
20000 13953713 
20000 13984281 
20000 14014762 
20000 14045278 
20000 14075821 
20000 14106338 
20000 14136836 
20000 14167416 
20000 14197964 
20000 14228471 
20000 14259029 
20000 14289591 
20000 14319989 
20000 14350432 
20000 14380953 
20000 14411477 
20000 14442072 
20000 14472567 
20000 14503098 
20000 14533628 
20000 14564195 
20000 14594680 
20000 14625236 
20000 14655707 
20000 14686226 
20000 14716848 
20000 14747339 
20000 14777769 
20000 14808255 
20000 14838769 
20000 14869320 
20000 14899785 
20000 14930236 
20000 14960742 
20000 14991240 
20000 15021728 
20000 15052310 
20000 15082796 
20000 15113276 
20000 15143785 
20000 15174291 
20000 15204793 
20000 15235313 
20000 15265841 
20000 15296353 
20000 15326836 
20000 15357349 
20000 15387865 
20000 15418400 
20000 15448907 
20000 15479469 
20000 15509902 
20000 15540461 
20000 15571028 
20000 15601536 
20000 15632090 
20000 15662598 
20000 15693132 
20000 15723662 
20000 15754173 
20000 15784714 
20000 15815208 
20000 15845735 
20000 15876228 
20000 15906715 
20000 15937230 
20000 15967746 
20000 15998291 
20000 16028863 
20000 16059349 
20000 16089889 
20000 16120360 
20000 16150921 
20000 16181426 
20000 16211958 
20000 16242567 
20000 16273105 
20000 16303640 
20000 16334178 
20000 16364735 
20000 16395250 
20000 16425806 
20000 16456328 
20000 16486902 
20000 16517464 
20000 16548008 
20000 16578546 
20000 16609116 
20000 16639621 
20000 16670160 
20000 16700707 
20000 16731244 
20000 16761716 
20000 16792195 
20000 16822714 
20000 16853260 
20000 16883752 
20000 16914266 
20000 16944764 
20000 16975291 
20000 17005776 
20000 17036265 
20000 17066781 
20000 17097286 
20000 17127808 
20000 17158288 
20000 17188827 
20000 17219353 
20000 17249887 
20000 17280419 
20000 17310946 
20000 17341488 
20000 17372030 
20000 17402555 
20000 17433146 
20000 17463620 
20000 17494191 
20000 17524634 
20000 17555190 
20000 17585713 
20000 17616235 
20000 17646753 
20000 17677238 
20000 17707776 
20000 17738270 
20000 17768754 
20000 17799260 
20000 17829781 
20000 17860300 
20000 17890786 
20000 17921351 
20000 17951819 
20000 17982290 
20000 18012819 
20000 18043330 
20000 18073857 
20000 18104346 
20000 18134897 
20000 18165400 
20000 18195935 
20000 18226469 
20000 18256993 
20000 18287497 
20000 18318006 
20000 18348509 
20000 18379038 
20000 18409575 
20000 18440091 
20000 18470580 
20000 18501104 
20000 18531677 
20000 18562168 
20000 18592705 
20000 18623191 
20000 18653693 
20000 18684228 
20000 18714734 
20000 18745277 
20000 18775799 
20000 18806230 
20000 18836739 
20000 18867323 
20000 18897799 
20000 18928307 
20000 18958860 
20000 18989402 
20000 19019898 
20000 19050413 
20000 19080963 
20000 19111435 
20000 19141960 
20000 19172478 
20000 19202964 
20000 19233510 
20000 19263998 
20000 19294403 
20000 19324792 
20000 19355269 
20000 19385735 
20000 19416226 
20000 19446526 
20000 19477030 
20000 19507459 
20000 19537884 
20000 19568285 
20000 19598787 
20000 19629239 
20000 19659699 
20000 19690101 
20000 19720592 
20000 19751098 
20000 19781544 
20000 19812036 
20000 19842491 
20000 19873029 
20000 19903489 
20000 19933984 
20000 19964502 
20000 19994945 
20000 20025513 
20000 20056086 
20000 20086592 
20000 20117166 
20000 20147756 
20000 20178287 
20000 20208727 
20000 20239227 
20000 20269655 
20000 20300119 
20000 20330523 
20000 20361048 
20000 20391508 
20000 20421936 
20000 20452413 
20000 20482862 
20000 20513317 
20000 20543810 
20000 20574309 
20000 20604792 
20000 20635307 
20000 20665744 
20000 20696143 
20000 20726660 
20000 20757114 
20000 20787575 
20000 20818052 
20000 20848486 
20000 20878920 
20000 20909448 
20000 20939989 
20000 20970434 
20000 21000985 
20000 21031504 
20000 21062027 
20000 21092537 
20000 21123051 
20000 21153515 
20000 21183952 
20000 21214397 
20000 21244898 
20000 21275255 
20000 21305712 
20000 21336207 
20000 21366500 
20000 21397002 
20000 21427451 
20000 21458017 
20000 21488411 
20000 21518855 
20000 21549305 
20000 21579752 
20000 21610128 
20000 21640588 
20000 21670960 
20000 21701429 
20000 21731827 
20000 21762233 
20000 21792681 
20000 21823123 
20000 21853491 
20000 21884112 
20000 21914584 
20000 21945127 
20000 21975714 
20000 22006086 
20000 22036649 
20000 22067173 
20000 22097712 
20000 22128226 
20000 22158692 
20000 22189246 
20000 22219781 
20000 22250180 
20000 22280687 
20000 22311207 
20000 22341694 
20000 22372216 
20000 22402644 
20000 22433192 
20000 22463721 
20000 22494264 
20000 22524726 
20000 22555247 
20000 22585766 
20000 22616171 
20000 22646586 
20000 22677017 
20000 22707483 
20000 22737875 
20000 22768346 
20000 22798787 
20000 22829376 
20000 22859712 
20000 22890260 
20000 22920665 
20000 22951207 
20000 22981554 
20000 23011915 
20000 23042395 
20000 23072839 
20000 23103293 
20000 23133765 
20000 23164163 
20000 23194673 
20000 23225136 
20000 23255478 
20000 23285980 
20000 23316410 
20000 23346882 
20000 23377391 
20000 23407898 
20000 23438360 
20000 23468911 
20000 23499331 
20000 23529792 
20000 23560316 
20000 23590787 
20000 23621224 
20000 23651780 
20000 23682273 
20000 23712740 
20000 23743158 
20000 23773652 
20000 23803957 
20000 23834444 
20000 23865031 
20000 23895490 
20000 23925973 
20000 23956492 
20000 23987025 
20000 24017509 
20000 24048051 
20000 24078530 
20000 24108989 
20000 24139461 
20000 24170012 
20000 24200531 
20000 24231012 
20000 24261542 
20000 24291992 
20000 24322488 
20000 24353007 
20000 24383532 
20000 24414064 
20000 24444630 
20000 24475123 
20000 24505652 
20000 24536179 
20000 24566699 
20000 24597173 
20000 24627740 
20000 24658230 
20000 24688741 
20000 24719265 
20000 24749747 
20000 24780238 
20000 24810732 
20000 24841281 
20000 24871792 
20000 24902322 
20000 24932862 
20000 24963314 
20000 24993824 
20000 25024352 
20000 25055051 
20000 25085507 
20000 25116052 
20000 25146505 
20000 25177057 
20000 25207614 
20000 25238238 
20000 25268786 
20000 25299401 
20000 25329917 
20000 25360524 
20000 25391052 
20000 25421569 
20000 25452179 
20000 25482771 
20000 25513323 
20000 25543864 
20000 25574286 
20000 25604866 
20000 25635325 
20000 25665855 
20000 25696550 
20000 25726936 
20000 25757494 
20000 25788052 
20000 25818646 
20000 25849175 
20000 25879800 
20000 25910360 
20000 25940855 
20000 25971424 
20000 26001989 
20000 26032576 
20000 26063160 
20000 26093766 
20000 26124329 
20000 26154895 
20000 26185425 
20000 26215892 
20000 26246319 
20000 26276859 
20000 26307395 
20000 26337957 
20000 26368314 
20000 26398866 
20000 26429437 
20000 26459904 
20000 26490421 
20000 26520935 
20000 26551446 
20000 26581954 
20000 26612418 
20000 26642987 
20000 26673561 
20000 26704130 
20000 26734623 
20000 26765141 
20000 26795726 
20000 26826231 
20000 26856799 
20000 26887322 
20000 26917928 
20000 26948476 
20000 26979168 
20000 27009692 
20000 27040240 
20000 27070762 
20000 27101300 
20000 27131826 
20000 27162300 
20000 27192745 
20000 27223221 
20000 27253654 
20000 27284090 
20000 27314508 
20000 27344930 
20000 27375367 
20000 27405802 
20000 27436246 
20000 27466618 
20000 27497020 
20000 27527517 
20000 27557985 
20000 27588524 
20000 27619100 
20000 27649514 
20000 27680050 
20000 27710574 
20000 27741004 
20000 27771470 
20000 27801929 
20000 27832402 
20000 27862876 
20000 27893334 
20000 27923853 
20000 27954430 
20000 27984886 
20000 28015258 
20000 28045714 
20000 28076155 
20000 28106528 
20000 28136946 
20000 28167423 
20000 28197874 
20000 28228332 
20000 28258905 
20000 28289266 
20000 28319891 
20000 28350423 
20000 28380953 
20000 28411451 
20000 28441969 
20000 28472494 
20000 28503026 
20000 28533497 
20000 28564079 
20000 28594563 
20000 28625109 
20000 28655642 
20000 28686188 
20000 28716777 
20000 28747342 
20000 28777815 
20000 28808346 
20000 28838930 
20000 28869429 
20000 28900006 
20000 28930511 
20000 28961098 
20000 28991666 
20000 29022205 
20000 29052717 
20000 29083209 
20000 29113767 
20000 29144205 
20000 29174739 
20000 29205232 
20000 29235851 
20000 29266347 
20000 29296998 
20000 29327415 
20000 29358019 
20000 29388530 
20000 29419050 
20000 29449537 
20000 29480032 
20000 29510511 
20000 29541150 
20000 29571501 
20000 29602073 
20000 29632603 
20000 29663051 
20000 29693500 
20000 29724041 
20000 29754448 
20000 29785002 
20000 29815514 
20000 29845980 
20000 29876436 
20000 29906875 
20000 29937423 
20000 29967970 
20000 29998526 
20000 30029020 
20000 30059522 
20000 30089969 
20000 30120510 
20000 30150985 
20000 30181648 
20000 30212071 
20000 30242634 
20000 30273226 
20000 30303791 
20000 30334344 
20000 30364896 
20000 30395450 
20000 30425997 
20000 30456542 
20000 30487098 
20000 30517691 
20000 30548221 
20000 30578760 
20000 30609287 
20000 30639768 
20000 30670315 
20000 30700895 
20000 30731479 
20000 30761954 
20000 30792511 
20000 30823129 
20000 30853597 
20000 30884085 
20000 30914646 
20000 30945191 
20000 30975683 
20000 31006274 
20000 31036846 
20000 31067425 
20000 31097919 
20000 31128500 
20000 31159090 
20000 31189606 
20000 31220149 
20000 31250694 
20000 31281239 
20000 31311764 
20000 31342251 
20000 31372824 
20000 31403209 
20000 31433797 
20000 31464355 
20000 31494841 
20000 31525356 
20000 31555802 
20000 31586260 
20000 31616760 
20000 31647305 
20000 31677801 
20000 31708364 
20000 31738903 
20000 31769441 
20000 31799872 
20000 31830299 
20000 31860889 
20000 31891378 
20000 31921948 
20000 31952430 
20000 31982917 
20000 32013440 
20000 32043988 
20000 32074556 
20000 32105080 
20000 32135533 
20000 32166148 
20000 32196736 
20000 32227275 
20000 32257774 
20000 32288438 
20000 32318971 
20000 32349595 
20000 32380165 
20000 32410671 
20000 32441211 
20000 32471687 
20000 32502239 
20000 32532789 
20000 32563272 
20000 32593823 
20000 32624323 
20000 32654772 
20000 32685320 
20000 32715844 
20000 32746279 
20000 32776773 
20000 32807254 
20000 32837694 
20000 32868203 
20000 32898532 
20000 32929088 
20000 32959511 
20000 32989982 
20000 33020568 
20000 33051163 
20000 33081729 
20000 33112288 
20000 33142795 
20000 33173389 
20000 33203972 
20000 33234498 
20000 33265074 
20000 33295651 
20000 33326133 
20000 33356737 
20000 33387259 
20000 33417793 
20000 33448346 
20000 33478867 
20000 33509419 
20000 33539888 
20000 33570410 
20000 33600890 
20000 33631499 
20000 33662050 
20000 33692637 
20000 33723186 
20000 33753695 
20000 33784182 
20000 33814707 
20000 33845282 
20000 33875810 
20000 33906291 
20000 33936815 
20000 33967333 
20000 33997911 
20000 34028498 
20000 34058855 
20000 34089447 
20000 34120035 
20000 34150720 
20000 34181024 
20000 34211585 
20000 34242101 
20000 34272550 
20000 34303091 
20000 34333623 
20000 34364149 
20000 34394668 
20000 34425168 
20000 34455631 
20000 34486204 
20000 34516730 
20000 34547213 
20000 34577768 
20000 34608297 
20000 34638774 
20000 34669323 
20000 34699830 
20000 34730343 
20000 34760800 
20000 34791345 
20000 34821586 
20000 34852119 
20000 34882607 
20000 34913128 
20000 34943670 
20000 34974204 
20000 35004730 
20000 35035188 
20000 35065691 
20000 35096204 
20000 35126655 
20000 35157179 
20000 35187731 
20000 35218215 
20000 35248759 
20000 35279229 
20000 35309720 
20000 35340183 
20000 35370639 
20000 35401100 
20000 35431748 
20000 35462027 
20000 35492675 
20000 35523185 
20000 35553661 
20000 35584212 
20000 35614687 
20000 35645198 
20000 35675713 
20000 35706257 
20000 35736757 
20000 35767197 
20000 35797668 
20000 35828226 
20000 35858711 
20000 35889275 
20000 35919773 
20000 35950341 
20000 35980868 
20000 36011485 
20000 36042044 
20000 36072671 
20000 36103020 
20000 36133721 
20000 36164228 
20000 36194863 
20000 36225443 
20000 36255993 
20000 36286576 
20000 36317132 
20000 36347708 
20000 36378297 
20000 36408840 
20000 36439413 
20000 36470020 
20000 36500532 
20000 36531115 
20000 36561698 
20000 36592192 
20000 36622752 
20000 36653329 
20000 36683859 
20000 36714527 
20000 36744964 
20000 36775497 
20000 36806032 
20000 36836577 
20000 36867092 
20000 36897634 
20000 36928197 
20000 36958805 
20000 36989338 
20000 37019901 
20000 37050433 
20000 37081011 
20000 37111551 
20000 37142121 
20000 37172738 
20000 37203305 
20000 37233858 
20000 37264421 
20000 37294975 
20000 37325500 
20000 37356142 
20000 37386550 
20000 37417117 
20000 37447662 
20000 37478257 
20000 37508831 
20000 37539397 
20000 37569882 
20000 37600424 
20000 37630935 
20000 37661488 
20000 37692061 
20000 37722592 
20000 37753077 
20000 37783629 
20000 37814164 
20000 37844712 
20000 37875274 
20000 37905822 
20000 37936310 
20000 37966877 
20000 37997394 
20000 38027926 
20000 38058478 
20000 38089035 
20000 38119565 
20000 38150097 
20000 38180641 
20000 38211139 
20000 38241583 
20000 38272116 
20000 38302561 
20000 38333124 
20000 38363617 
20000 38394224 
20000 38424752 
20000 38455277 
20000 38485800 
20000 38516313 
20000 38546858 
20000 38577331 
20000 38607894 
20000 38638416 
20000 38668934 
20000 38699451 
20000 38729986 
20000 38760426 
20000 38790921 
20000 38821448 
20000 38852013 
20000 38882556 
20000 38913110 
20000 38943592 
20000 38974142 
20000 39004645 
20000 39035146 
20000 39065755 
20000 39096298 
20000 39126790 
20000 39157360 
20000 39187865 
20000 39218409 
20000 39249013 
20000 39279621 
20000 39310029 
20000 39340629 
20000 39371083 
20000 39401683 
20000 39432127 
20000 39462675 
20000 39493144 
20000 39523747 
20000 39554204 
20000 39584712 
20000 39615245 
20000 39645841 
20000 39676333 
20000 39706904 
20000 39737454 
20000 39767802 
20000 39798436 
20000 39828944 
20000 39859466 
20000 39890063 
20000 39920620 
20000 39951115 
20000 39981626 
20000 40012144 
20000 40042652 
20000 40073031 
20000 40103626 
20000 40134178 
20000 40164684 
20000 40195270 
20000 40225778 
20000 40256389 
20000 40286930 
20000 40317501 
20000 40348019 
20000 40378486 
20000 40409049 
20000 40439635 
20000 40470252 
20000 40500730 
20000 40531274 
20000 40561777 
20000 40592161 
20000 40622743 
20000 40653287 
20000 40683938 
20000 40714279 
20000 40744905 
20000 40775387 
20000 40805889 
20000 40836425 
20000 40866968 
20000 40897396 
20000 40927932 
20000 40958357 
20000 40988923 
20000 41019464 
20000 41049932 
20000 41080485 
20000 41110971 
20000 41141486 
20000 41172083 
20000 41202743 
20000 41233253 
20000 41263817 
20000 41294347 
20000 41324855 
20000 41355468 
20000 41385931 
20000 41416467 
20000 41446889 
20000 41477415 
20000 41507996 
20000 41538517 
20000 41568958 
20000 41599543 
20000 41630067 
20000 41660592 
20000 41691038 
20000 41721610 
20000 41752072 
20000 41782585 
20000 41813064 
20000 41843645 
20000 41874147 
20000 41904540 
20000 41935001 
20000 41965508 
20000 41996050 
20000 42026513 
20000 42057012 
20000 42087492 
20000 42117981 
20000 42148469 
20000 42179044 
20000 42209604 
20000 42240112 
20000 42270646 
20000 42301242 
20000 42331739 
20000 42362333 
20000 42392865 
20000 42423385 
20000 42453950 
20000 42484436 
20000 42514835 
20000 42545476 
20000 42576008 
20000 42606534 
20000 42637021 
20000 42667503 
20000 42698020 
20000 42728522 
20000 42758983 
20000 42789439 
20000 42819979 
20000 42850453 
20000 42881033 
20000 42911502 
20000 42942033 
20000 42972556 
20000 43003050 
20000 43033552 
20000 43064043 
20000 43094553 
20000 43125146 
20000 43155676 
20000 43186250 
20000 43216817 
20000 43247477 
20000 43277857 
20000 43308489 
20000 43339040 
20000 43369646 
20000 43400087 
20000 43430617 
20000 43461093 
20000 43491601 
20000 43522099 
20000 43552571 
20000 43583112 
20000 43613665 
20000 43644125 
20000 43674734 
20000 43705268 
20000 43735795 
20000 43766313 
20000 43796742 
20000 43827241 
20000 43857824 
20000 43888396 
20000 43918755 
20000 43949308 
20000 43979843 
20000 44010340 
20000 44040754 
20000 44071330 
20000 44101826 
20000 44132329 
20000 44162759 
20000 44193330 
20000 44223733 
20000 44254284 
20000 44284767 
20000 44315260 
20000 44345717 
20000 44376200 
20000 44406780 
20000 44437218 
20000 44467776 
20000 44498238 
20000 44528887 
20000 44559191 
20000 44589790 
20000 44620381 
20000 44650809 
20000 44681354 
20000 44711817 
20000 44742328 
20000 44772756 
20000 44803267 
20000 44833769 
20000 44864335 
20000 44894884 
20000 44925463 
20000 44955998 
20000 44986552 
20000 45017100 
20000 45047575 
20000 45077963 
20000 45108567 
20000 45138911 
20000 45169490 
20000 45199880 
20000 45230440 
20000 45260968 
20000 45291489 
20000 45322082 
20000 45352602 
20000 45383217 
20000 45413805 
20000 45444374 
20000 45475042 
20000 45505547 
20000 45536119 
20000 45566700 
20000 45597233 
20000 45627698 
20000 45658235 
20000 45688773 
20000 45719231 
20000 45749693 
20000 45780202 
20000 45810788 
20000 45841261 
20000 45871757 
20000 45902275 
20000 45932792 
20000 45963318 
20000 45993784 
20000 46024309 
20000 46054817 
20000 46085322 
20000 46115837 
20000 46146352 
20000 46176850 
20000 46207350 
20000 46237878 
20000 46268410 
20000 46298951 
20000 46329441 
20000 46359926 
20000 46390436 
20000 46421000 
20000 46451545 
20000 46482031 
20000 46512542 
20000 46543052 
20000 46573560 
20000 46604085 
20000 46634558 
20000 46665078 
20000 46695623 
20000 46726153 
20000 46756589 
20000 46787080 
20000 46817663 
20000 46848125 
20000 46878484 
20000 46909024 
20000 46939480 
20000 46970033 
20000 47000520 
20000 47031024 
20000 47061542 
20000 47091992 
20000 47122476 
20000 47152948 
20000 47183476 
20000 47213902 
20000 47244433 
20000 47274958 
20000 47305384 
20000 47335870 
20000 47366345 
20000 47396888 
20000 47427344 
20000 47457851 
20000 47488317 
20000 47518804 
20000 47549336 
20000 47579785 
20000 47610277 
20000 47640767 
20000 47671251 
20000 47701796 
20000 47732300 
20000 47762714 
20000 47793209 
20000 47823660 
20000 47854204 
20000 47884778 
20000 47915235 
20000 47945754 
20000 47976265 
20000 48006815 
20000 48037388 
20000 48067929 
20000 48098410 
20000 48129010 
20000 48159559 
20000 48190113 
20000 48220642 
20000 48251136 
20000 48281723 
20000 48312277 
20000 48342868 
20000 48373496 
20000 48403862 
20000 48434526 
20000 48465090 
20000 48495576 
20000 48526090 
20000 48556627 
20000 48587207 
20000 48617746 
20000 48648198 
20000 48678714 
20000 48709272 
20000 48739865 
20000 48770356 
20000 48800801 
20000 48831479 
20000 48861962 
20000 48892551 
20000 48923055 
20000 48953600 
20000 48984150 
20000 49014823 
20000 49045110 
20000 49075667 
20000 49106195 
20000 49136776 
20000 49167299 
20000 49197771 
20000 49228328 
20000 49258781 
20000 49289255 
20000 49319821 
20000 49350377 
20000 49380842 
20000 49411375 
20000 49441921 
20000 49472341 
20000 49502874 
20000 49533271 
20000 49563822 
20000 49594253 
20000 49624758 
20000 49655353 
20000 49685749 
20000 49716321 
20000 49746832 
20000 49777337 
20000 49807726 
20000 49838249 
20000 49868742 
20000 49899338 
20000 49929915 
20000 49960474 
20000 49990961 
20000 50021504 
20000 50052007 
20000 50082512 
20000 50112975 
20000 50143522 
20000 50173966 
20000 50204452 
20000 50235008 
20000 50265566 
20000 50296247 
20000 50326543 
20000 50357045 
20000 50387468 
20000 50418010 
20000 50448434 
20000 50478938 
20000 50509453 
20000 50539954 
20000 50570506 
20000 50601064 
20000 50631497 
20000 50662034 
20000 50692540 
20000 50723067 
20000 50753518 
20000 50784066 
20000 50814657 
20000 50845025 
20000 50875635 
20000 50906156 
20000 50936707 
20000 50967172 
20000 50997668 
20000 51028182 
20000 51058650 
20000 51089151 
20000 51119755 
20000 51150266 
20000 51180870 
20000 51211363 
20000 51241923 
20000 51272472 
20000 51302992 
20000 51333499 
20000 51363896 
20000 51394431 
20000 51424956 
20000 51455492 
20000 51485979 
20000 51516545 
20000 51547106 
20000 51577628 
20000 51608169 
20000 51638660 
20000 51669192 
20000 51699692 
20000 51730238 
20000 51760705 
20000 51791153 
20000 51821690 
20000 51852197 
20000 51882666 
20000 51913206 
20000 51943743 
20000 51974191 
20000 52004737 
20000 52035228 
20000 52065738 
20000 52096311 
20000 52126715 
20000 52157215 
20000 52187757 
20000 52218218 
20000 52248741 
20000 52279273 
20000 52309796 
20000 52340258 
20000 52370764 
20000 52401199 
20000 52431767 
20000 52462278 
20000 52492757 
20000 52523288 
20000 52553743 
20000 52584276 
20000 52614734 
20000 52645246 
20000 52675759 
20000 52706288 
20000 52736852 
20000 52767171 
20000 52797709 
20000 52828250 
20000 52858782 
20000 52889275 
20000 52919789 
20000 52950329 
20000 52980851 
20000 53011338 
20000 53041899 
20000 53072429 
20000 53102877 
20000 53133390 
20000 53163845 
20000 53194350 
20000 53224834 
20000 53255260 
20000 53285882 
20000 53316411 
20000 53346939 
20000 53377508 
20000 53407891 
20000 53438460 
20000 53468920 
20000 53499339 
20000 53529829 
20000 53560421 
20000 53590919 
20000 53621416 
20000 53651813 
20000 53682329 
20000 53712730 
20000 53743277 
20000 53773715 
20000 53804242 
20000 53834668 
20000 53865151 
20000 53895720 
20000 53926279 
20000 53956854 
20000 53987422 
20000 54017930 
20000 54048461 
20000 54078982 
20000 54109495 
20000 54140015 
20000 54170544 
20000 54201010 
20000 54231577 
20000 54262087 
20000 54292593 
20000 54323057 
20000 54353622 
20000 54384087 
20000 54414619 
20000 54445174 
20000 54475740 
20000 54506262 
20000 54536784 
20000 54567258 
20000 54597812 
20000 54628341 
20000 54658920 
20000 54689377 
20000 54719845 
20000 54750320 
20000 54780990 
20000 54811268 
20000 54841878 
20000 54872390 
20000 54902921 
20000 54933432 
20000 54963939 
20000 54994440 
20000 55024937 
20000 55055454 
20000 55085964 
20000 55116487 
20000 55147010 
20000 55177486 
20000 55208004 
20000 55238574 
20000 55269105 
20000 55299649 
20000 55330146 
20000 55360677 
20000 55391213 
20000 55421869 
20000 55452183 
20000 55482751 
20000 55513307 
20000 55543801 
20000 55574218 
20000 55604786 
20000 55635303 
20000 55665841 
20000 55696347 
20000 55726825 
20000 55757281 
20000 55787788 
20000 55818192 
20000 55848763 
20000 55879202 
20000 55909641 
20000 55940230 
20000 55970701 
20000 56001140 
20000 56031697 
20000 56062323 
20000 56092710 
20000 56123283 
20000 56153801 
20000 56184236 
20000 56214780 
20000 56245286 
20000 56275846 
20000 56306382 
20000 56336862 
20000 56367369 
20000 56397941 
20000 56428484 
20000 56459004 
20000 56489485 
20000 56520018 
20000 56550463 
20000 56580951 
20000 56611441 
20000 56641933 
20000 56672488 
20000 56703036 
20000 56733575 
20000 56763989 
20000 56794499 
20000 56825081 
20000 56855633 
20000 56886181 
20000 56916715 
20000 56947226 
20000 56977682 
20000 57008194 
20000 57038779 
20000 57069262 
20000 57099779 
20000 57130299 
20000 57160828 
20000 57191286 
20000 57221899 
20000 57252341 
20000 57282836 
20000 57313406 
20000 57344051 
20000 57374325 
20000 57404899 
20000 57435428 
20000 57465915 
20000 57496468 
20000 57526997 
20000 57557424 
20000 57587971 
20000 57618465 
20000 57648938 
20000 57679505 
20000 57710062 
20000 57740569 
20000 57771044 
20000 57801568 
20000 57832070 
20000 57862551 
20000 57893030 
20000 57923565 
20000 57954064 
20000 57984653 
20000 58015045 
20000 58045640 
20000 58076145 
20000 58106616 
20000 58137127 
20000 58167639 
20000 58198189 
20000 58228734 
20000 58259177 
20000 58289754 
20000 58320288 
20000 58350868 
20000 58381440 
20000 58412065 
20000 58442653 
20000 58473211 
20000 58503721 
20000 58534271 
20000 58564827 
20000 58595262 
20000 58625945 
20000 58656330 
20000 58686948 
20000 58717481 
20000 58748010 
20000 58778505 
20000 58808992 
20000 58839597 
20000 58870073 
20000 58900635 
20000 58931111 
20000 58961659 
20000 58992220 
20000 59022765 
20000 59053350 
20000 59083893 
20000 59114449 
20000 59144998 
20000 59175489 
20000 59206108 
20000 59236722 
20000 59267312 
20000 59297740 
20000 59328314 
20000 59358910 
20000 59389532 
20000 59420113 
20000 59450646 
20000 59481260 
20000 59511772 
20000 59542368 
20000 59572949 
20000 59603488 
20000 59634016 
20000 59664605 
20000 59695169 
20000 59725705 
20000 59756184 
20000 59786646 
20000 59817184 
20000 59847762 
20000 59878285 
20000 59908956 
20000 59939283 
20000 59969897 
20000 60000809 
20000 60031301 
20000 60061871 
20000 60092430 
20000 60122928 
20000 60153498 
20000 60184049 
20000 60214576 
20000 60245120 
20000 60275624 
20000 60306168 
20000 60336722 
20000 60367261 
20000 60397851 
20000 60428429 
20000 60458989 
20000 60489537 
20000 60520090 
20000 60550686 
20000 60581192 
20000 60611748 
20000 60642319 
20000 60672893 
20000 60703378 
20000 60733946 
20000 60764396 
20000 60794974 
20000 60825530 
20000 60856147 
20000 60886745 
20000 60917252 
20000 60947823 
20000 60978350 
20000 61008883 
20000 61039399 
20000 61069982 
20000 61100425 
20000 61130986 
20000 61161579 
20000 61192218 
20000 61222763 
20000 61253280 
20000 61283890 
20000 61314591 
20000 61344946 
20000 61375587 
20000 61406144 
20000 61436732 
20000 61467286 
20000 61497864 
20000 61528400 
20000 61558989 
20000 61589553 
20000 61620104 
20000 61650645 
20000 61681244 
20000 61711822 
20000 61742320 
20000 61772807 
20000 61803340 
20000 61833952 
20000 61864512 
20000 61895074 
20000 61925615 
20000 61956344 
20000 61986725 
20000 62017310 
20000 62047872 
20000 62078439 
20000 62108943 
20000 62139518 
20000 62170009 
20000 62200576 
20000 62231139 
20000 62261658 
20000 62292223 
20000 62322709 
20000 62353291 
20000 62383836 
20000 62414412 
20000 62444995 
20000 62475548 
20000 62506050 
20000 62536485 
20000 62567045 
20000 62597699 
20000 62628171 
20000 62658780 
20000 62689285 
20000 62719856 
20000 62750291 
20000 62780840 
20000 62811377 
20000 62841947 
20000 62872504 
20000 62903078 
20000 62933588 
20000 62964158 
20000 62994735 
20000 63025305 
20000 63055873 
20000 63086374 
20000 63116962 
20000 63147466 
20000 63178027 
20000 63208530 
20000 63239265 
20000 63269655 
20000 63300295 
20000 63330861 
20000 63361414 
20000 63392006 
20000 63422547 
20000 63453031 
20000 63483473 
20000 63513991 
20000 63544602 
20000 63575190 
20000 63605755 
20000 63636292 
20000 63666734 
20000 63697342 
20000 63727874 
20000 63758395 
20000 63788928 
20000 63819540 
20000 63850060 
20000 63880713 
20000 63911187 
20000 63941775 
20000 63972193 
20000 64002785 
20000 64033341 
20000 64063795 
20000 64094342 
20000 64124842 
20000 64155379 
20000 64185856 
20000 64216391 
20000 64246966 
20000 64277544 
20000 64308086 
20000 64338714 
20000 64369287 
20000 64399836 
20000 64430358 
20000 64460805 
20000 64491432 
20000 64522059 
20000 64552565 
20000 64583105 
20000 64613661 
20000 64644180 
20000 64674780 
20000 64705276 
20000 64735787 
20000 64766299 
20000 64796865 
20000 64827421 
20000 64857992 
20000 64888475 
20000 64919034 
20000 64949659 
20000 64980217 
20000 65010772 
20000 65041323 
20000 65071820 
20000 65102388 
20000 65132871 
20000 65163417 
20000 65193854 
20000 65224386 
20000 65254933 
20000 65285532 
20000 65316102 
20000 65346589 
20000 65377182 
20000 65407783 
20000 65438299 
20000 65468919 
20000 65499459 
20000 65529962 
20000 65560530 
20000 65591101 
20000 65621580 
20000 65652136 
20000 65682648 
20000 65713173 
20000 65743701 
20000 65774203 
20000 65804843 
20000 65835390 
20000 65865977 
20000 65896480 
20000 65927009 
20000 65957580 
20000 65988151 
20000 66018731 
20000 66049315 
20000 66079838 
20000 66110397 
20000 66140979 
20000 66171457 
20000 66202051 
20000 66232543 
20000 66263091 
20000 66293679 
20000 66324257 
20000 66354745 
20000 66385249 
20000 66415763 
20000 66446345 
20000 66476737 
20000 66507329 
20000 66537841 
20000 66568362 
20000 66598891 
20000 66629407 
20000 66659933 
20000 66690384 
20000 66720930 
20000 66751430 
20000 66781901 
20000 66812456 
20000 66842929 
20000 66873436 
20000 66904040 
20000 66934485 
20000 66965065 
20000 66995552 
20000 67026105 
20000 67056515 
20000 67087183 
20000 67117481 
20000 67148065 
20000 67178582 
20000 67209088 
20000 67239607 
20000 67270138 
20000 67300622 
20000 67331155 
20000 67361781 
20000 67392281 
20000 67422875 
20000 67453459 
20000 67484037 
20000 67514528 
20000 67545092 
20000 67575646 
20000 67606215 
20000 67636730 
20000 67667154 
20000 67697698 
20000 67728288 
20000 67758724 
20000 67789285 
20000 67819833 
20000 67850338 
20000 67880892 
20000 67911527 
20000 67942035 
20000 67972535 
20000 68003034 
20000 68033521 
20000 68064094 
20000 68094533 
20000 68125083 
20000 68155641 
20000 68186146 
20000 68216673 
20000 68247185 
20000 68277776 
20000 68308222 
20000 68338792 
20000 68369415 
20000 68399782 
20000 68430354 
20000 68460974 
20000 68491407 
20000 68522029 
20000 68552592 
20000 68583165 
20000 68613676 
20000 68644134 
20000 68674706 
20000 68705256 
20000 68735771 
20000 68766182 
20000 68796687 
20000 68827217 
20000 68857738 
20000 68888254 
20000 68918732 
20000 68949301 
20000 68979814 
20000 69010382 
20000 69040742 
20000 69071294 
20000 69101856 
20000 69132448 
20000 69162978 
20000 69193510 
20000 69224039 
20000 69254566 
20000 69285019 
20000 69315564 
20000 69346118 
20000 69376676 
20000 69407211 
20000 69437734 
20000 69468251 
20000 69498814 
20000 69529408 
20000 69559974 
20000 69590541 
20000 69621100 
20000 69651610 
20000 69682080 
20000 69712681 
20000 69743156 
20000 69773676 
20000 69804196 
20000 69834768 
20000 69865327 
20000 69895874 
20000 69926394 
20000 69956902 
20000 69987462 
20000 70017950 
20000 70048583 
20000 70079161 
20000 70109723 
20000 70140276 
20000 70170851 
20000 70201424 
20000 70231962 
20000 70262539 
20000 70293139 
20000 70323641 
20000 70354201 
20000 70384791 
20000 70415286 
20000 70445864 
20000 70476420 
20000 70507005 
20000 70537539 
20000 70568113 
20000 70598664 
20000 70629225 
20000 70659772 
20000 70690321 
20000 70720896 
20000 70751411 
20000 70781953 
20000 70812472 
20000 70842989 
20000 70873504 
20000 70903992 
20000 70934572 
20000 70965048 
20000 70995593 
20000 71026153 
20000 71056739 
20000 71087196 
20000 71117714 
20000 71148223 
20000 71178713 
20000 71209163 
20000 71239637 
20000 71270157 
20000 71300696 
20000 71331214 
20000 71361749 
20000 71392247 
20000 71422786 
20000 71453343 
20000 71483865 
20000 71514410 
20000 71544992 
20000 71575587 
20000 71606116 
20000 71636682 
20000 71667224 
20000 71697801 
20000 71728313 
20000 71758842 
20000 71789380 
20000 71819901 
20000 71850413 
20000 71880970 
20000 71911559 
20000 71942132 
20000 71972668 
20000 72003230 
20000 72033814 
20000 72064376 
20000 72094928 
20000 72125496 
20000 72156065 
20000 72186636 
20000 72217157 
20000 72247757 
20000 72278313 
20000 72308891 
20000 72339525 
20000 72370037 
20000 72400525 
20000 72431086 
20000 72461582 
20000 72492098 
20000 72522656 
20000 72553167 
20000 72583641 
20000 72614158 
20000 72644601 
20000 72675189 
20000 72705743 
20000 72736281 
20000 72766863 
20000 72797370 
20000 72827911 
20000 72858475 
20000 72888977 
20000 72919514 
20000 72949998 
20000 72980546 
20000 73011017 
20000 73041556 
20000 73072103 
20000 73102706 
20000 73133239 
20000 73163781 
20000 73194352 
20000 73224902 
20000 73255507 
20000 73286106 
20000 73316626 
20000 73347239 
20000 73377806 
20000 73408361 
20000 73438916 
20000 73469440 
20000 73500047 
20000 73530522 
20000 73561041 
20000 73591575 
20000 73622114 
20000 73652500 
20000 73683051 
20000 73713592 
20000 73744099 
20000 73774534 
20000 73805020 
20000 73835552 
20000 73866047 
20000 73896612 
20000 73927146 
20000 73957689 
20000 73988222 
20000 74018743 
20000 74049265 
20000 74079790 
20000 74110259 
20000 74140830 
20000 74171359 
20000 74201883 
20000 74232409 
20000 74263028 
20000 74293455 
20000 74324031 
20000 74354537 
20000 74385163 
20000 74415718 
20000 74446291 
20000 74476853 
20000 74507406 
20000 74537969 
20000 74568500 
20000 74599024 
20000 74629539 
20000 74660144 
20000 74690735 
20000 74721308 
20000 74751780 
20000 74782329 
20000 74812813 
20000 74843359 
20000 74873949 
20000 74904578 
20000 74935045 
20000 74965623 
20000 74996111 
20000 75026674 
20000 75057282 
20000 75087838 
20000 75118416 
20000 75149040 
20000 75179579 
20000 75210197 
20000 75240635 
20000 75271203 
20000 75301791 
20000 75332392 
20000 75362913 
20000 75393495 
20000 75424030 
20000 75454529 
20000 75485121 
20000 75515691 
20000 75546293 
20000 75576795 
20000 75607334 
20000 75637932 
20000 75668708 
20000 75699022 
20000 75729630 
20000 75760113 
20000 75790580 
20000 75821137 
20000 75851647 
20000 75882157 
20000 75912662 
20000 75943136 
20000 75973684 
20000 76004205 
20000 76034647 
20000 76065159 
20000 76095673 
20000 76126219 
20000 76156732 
20000 76187273 
20000 76217699 
20000 76248222 
20000 76278752 
20000 76309284 
20000 76339798 
20000 76370323 
20000 76401024 
20000 76431400 
20000 76461901 
20000 76492369 
20000 76522908 
20000 76553442 
20000 76583971 
20000 76614496 
20000 76645071 
20000 76675605 
20000 76706174 
20000 76736739 
20000 76767254 
20000 76797844 
20000 76828440 
20000 76858785 
20000 76889402 
20000 76919993 
20000 76950477 
20000 76981089 
20000 77011614 
20000 77042156 
20000 77072734 
20000 77103261 
20000 77133692 
20000 77164147 
20000 77194730 
20000 77225227 
20000 77255822 
20000 77286299 
20000 77316772 
20000 77347338 
20000 77377923 
20000 77408486 
20000 77438994 
20000 77469666 
20000 77499994 
20000 77530620 
20000 77561086 
20000 77591603 
20000 77622208 
20000 77652648 
20000 77683207 
20000 77713744 
20000 77744212 
20000 77774736 
20000 77805206 
20000 77835704 
20000 77866173 
20000 77896752 
20000 77927333 
20000 77957866 
20000 77988511 
20000 78019067 
20000 78049562 
20000 78080148 
20000 78110749 
20000 78141105 
20000 78171719 
20000 78202220 
20000 78232756 
20000 78263303 
20000 78293854 
20000 78324420 
20000 78355010 
20000 78385573 
20000 78416138 
20000 78446716 
20000 78477243 
20000 78507819 
20000 78538376 
20000 78568849 
20000 78599345 
20000 78629900 
20000 78660473 
20000 78691072 
20000 78721573 
20000 78752131 
20000 78782610 
20000 78813170 
20000 78843752 
20000 78874442 
20000 78904896 
20000 78935466 
20000 78966039 
20000 78996542 
20000 79027103 
20000 79057631 
20000 79088262 
20000 79118844 
20000 79149409 
20000 79179983 
20000 79210466 
20000 79241104 
20000 79271631 
20000 79302141 
20000 79332710 
20000 79363210 
20000 79393858 
20000 79424431 
20000 79454980 
20000 79485487 
20000 79516111 
20000 79546497 
20000 79576999 
20000 79607570 
20000 79638144 
20000 79668730 
20000 79699270 
20000 79729802 
20000 79760312 
20000 79790853 
20000 79821366 
20000 79851887 
20000 79882463 
20000 79913018 
20000 79943545 
20000 79974023 
20000 80004607 
20000 80035097 
20000 80065622 
20000 80096177 
20000 80126695 
20000 80157313 
20000 80187647 
20000 80218228 
20000 80248670 
20000 80279216 
20000 80309685 
20000 80340226 
20000 80370776 
20000 80401194 
20000 80431793 
20000 80462334 
20000 80492927 
20000 80523443 
20000 80553977 
20000 80584513 
20000 80615037 
20000 80645586 
20000 80676102 
20000 80706720 
20000 80737180 
20000 80767682 
20000 80798263 
20000 80828767 
20000 80859272 
20000 80889874 
20000 80920345 
20000 80950896 
20000 80981476 
20000 81012082 
20000 81042632 
20000 81073243 
20000 81103729 
20000 81134308 
20000 81164827 
20000 81195308 
20000 81225893 
20000 81256416 
20000 81286994 
20000 81317479 
20000 81348022 
20000 81378565 
20000 81409093 
20000 81439697 
20000 81470145 
20000 81500726 
20000 81531274 
20000 81561866 
20000 81592461 
20000 81623000 
20000 81653483 
20000 81684002 
20000 81714602 
20000 81745042 
20000 81775591 
20000 81806103 
20000 81836570 
20000 81867134 
20000 81897683 
20000 81928233 
20000 81958755 
20000 81989360 
20000 82019846 
20000 82050397 
20000 82081046 
20000 82111563 
20000 82142146 
20000 82172735 
20000 82203276 
20000 82233819 
20000 82264346 
20000 82294903 
20000 82325441 
20000 82355978 
20000 82386534 
20000 82417148 
20000 82447760 
20000 82478354 
20000 82508899 
20000 82539428 
20000 82569969 
20000 82600556 
20000 82631074 
20000 82661657 
20000 82692204 
20000 82722821 
20000 82753252 
20000 82783728 
20000 82814336 
20000 82845023 
20000 82875304 
20000 82905885 
20000 82936442 
20000 82966935 
20000 82997550 
20000 83028058 
20000 83058679 
20000 83089255 
20000 83119817 
20000 83150400 
20000 83180902 
20000 83211442 
20000 83241867 
20000 83272434 
20000 83302987 
20000 83333485 
20000 83364097 
20000 83394633 
20000 83425124 
20000 83455694 
20000 83486423 
20000 83516867 
20000 83547436 
20000 83577912 
20000 83608459 
20000 83638972 
20000 83669528 
20000 83700059 
20000 83730597 
20000 83761109 
20000 83791572 
20000 83822085 
20000 83852540 
20000 83883093 
20000 83913626 
20000 83944151 
20000 83974702 
20000 84005325 
20000 84035789 
20000 84066410 
20000 84096934 
20000 84127670 
20000 84157997 
20000 84188627 
20000 84219156 
20000 84249676 
20000 84280207 
20000 84310785 
20000 84341269 
20000 84371855 
20000 84402393 
20000 84432877 
20000 84463478 
20000 84494099 
20000 84524580 
20000 84555102 
20000 84585577 
20000 84616143 
20000 84646718 
20000 84677278 
20000 84707835 
20000 84738390 
20000 84768966 
20000 84799392 
20000 84829960 
20000 84860463 
20000 84891014 
20000 84921548 
20000 84952062 
20000 84982580 
20000 85013110 
20000 85043610 
20000 85074149 
20000 85104767 
20000 85135255 
20000 85165792 
20000 85196346 
20000 85226924 
20000 85257496 
20000 85288093 
20000 85318610 
20000 85349060 
20000 85379591 
20000 85410272 
20000 85440645 
20000 85471168 
20000 85501756 
20000 85532249 
20000 85562848 
20000 85593421 
20000 85623999 
20000 85654531 
20000 85685051 
20000 85715574 
20000 85745995 
20000 85776501 
20000 85807065 
20000 85837606 
20000 85868171 
20000 85898686 
20000 85929377 
20000 85959907 
20000 85990491 
20000 86020900 
20000 86051684 
20000 86081974 
20000 86112586 
20000 86143097 
20000 86173638 
20000 86204124 
20000 86234710 
20000 86265152 
20000 86295748 
20000 86326327 
20000 86356852 
20000 86387464 
20000 86418012 
20000 86448607 
20000 86479191 
20000 86509710 
20000 86540276 
20000 86570864 
20000 86601374 
20000 86631969 
20000 86662505 
20000 86693124 
20000 86723446 
20000 86753982 
20000 86784439 
20000 86814946 
20000 86845465 
20000 86875994 
20000 86906520 
20000 86937002 
20000 86967558 
20000 86998103 
20000 87028577 
20000 87059165 
20000 87089686 
20000 87120204 
20000 87150729 
20000 87181251 
20000 87211783 
20000 87242318 
20000 87272770 
20000 87303237 
20000 87333790 
20000 87364300 
20000 87394781 
20000 87425340 
20000 87455813 
20000 87486386 
20000 87516882 
20000 87547411 
20000 87577887 
20000 87608501 
20000 87639032 
20000 87669593 
20000 87700056 
20000 87730536 
20000 87761011 
20000 87791456 
20000 87821998 
20000 87852551 
20000 87883107 
20000 87913659 
20000 87944150 
20000 87974838 
20000 88005103 
20000 88035727 
20000 88066307 
20000 88096780 
20000 88127288 
20000 88157852 
20000 88188394 
20000 88218942 
20000 88249490 
20000 88279891 
20000 88310495 
20000 88340932 
20000 88371540 
20000 88402006 
20000 88432572 
20000 88463141 
20000 88493715 
20000 88524181 
20000 88554780 
20000 88585223 
20000 88615837 
20000 88646380 
20000 88676976 
20000 88707490 
20000 88738120 
20000 88768633 
20000 88799200 
20000 88829744 
20000 88860307 
20000 88890863 
20000 88921389 
20000 88951943 
20000 88982470 
20000 89012959 
20000 89043493 
20000 89074034 
20000 89104612 
20000 89135174 
20000 89165749 
20000 89196344 
20000 89226901 
20000 89257523 
20000 89287956 
20000 89318488 
20000 89349058 
20000 89379642 
20000 89410268 
20000 89440849 
20000 89471436 
20000 89501944 
20000 89532524 
20000 89563117 
20000 89593704 
20000 89624254 
20000 89654866 
20000 89685391 
20000 89715934 
20000 89746422 
20000 89776911 
20000 89807410 
20000 89837976 
20000 89868497 
20000 89899035 
20000 89929499 
20000 89960046 
20000 89990532 
20000 90021089 
20000 90051599 
20000 90082089 
20000 90112601 
20000 90143164 
20000 90173676 
20000 90204167 
20000 90234713 
20000 90265233 
20000 90295721 
20000 90326322 
20000 90356845 
20000 90387368 
20000 90417896 
20000 90448395 
20000 90478927 
20000 90509373 
20000 90540003 
20000 90570443 
20000 90600982 
20000 90631518 
20000 90662001 
20000 90692504 
20000 90723092 
20000 90753493 
20000 90784014 
20000 90814461 
20000 90844995 
20000 90875502 
20000 90906033 
20000 90936567 
20000 90967054 
20000 90997524 
20000 91028095 
20000 91058628 
20000 91089114 
20000 91119647 
20000 91150170 
20000 91180828 
20000 91211239 
20000 91241806 
20000 91272339 
20000 91302883 
20000 91333420 
20000 91363950 
20000 91394492 
20000 91425024 
20000 91455525 
20000 91486064 
20000 91516501 
20000 91547048 
20000 91577586 
20000 91608048 
20000 91638575 
20000 91669128 
20000 91699633 
20000 91730139 
20000 91760603 
20000 91791086 
20000 91821646 
20000 91852117 
20000 91882580 
20000 91913095 
20000 91943778 
20000 91974102 
20000 92004632 
20000 92035191 
20000 92065704 
20000 92096170 
20000 92126728 
20000 92157208 
20000 92187722 
20000 92218271 
20000 92248809 
20000 92279315 
20000 92309838 
20000 92340311 
20000 92370897 
20000 92401360 
20000 92431952 
20000 92462510 
20000 92492995 
20000 92523449 
20000 92554056 
20000 92584620 
20000 92615142 
20000 92645641 
20000 92676166 
20000 92706648 
20000 92737163 
20000 92767754 
20000 92798258 
20000 92828786 
20000 92859292 
20000 92889840 
20000 92920335 
20000 92950877 
20000 92981429 
20000 93011911 
20000 93042424 
20000 93072960 
20000 93103465 
20000 93133978 
20000 93164459 
20000 93195016 
20000 93225530 
20000 93256046 
20000 93286566 
20000 93317035 
20000 93347586 
20000 93378112 
20000 93408634 
20000 93439145 
20000 93469632 
20000 93500126 
20000 93530653 
20000 93561188 
20000 93591726 
20000 93622213 
20000 93652676 
20000 93683142 
20000 93713636 
20000 93744200 
20000 93774686 
20000 93805241 
20000 93835823 
20000 93866304 
20000 93896799 
20000 93927382 
20000 93957926 
20000 93988448 
20000 94018966 
20000 94049482 
20000 94079988 
20000 94110497 
20000 94141063 
20000 94171569 
20000 94202119 
20000 94232610 
20000 94263179 
20000 94293625 
20000 94324238 
20000 94354751 
20000 94385388 
20000 94415915 
20000 94446436 
20000 94476996 
20000 94507462 
20000 94538030 
20000 94568598 
20000 94599086 
20000 94629595 
20000 94660073 
20000 94690666 
20000 94721034 
20000 94751613 
20000 94782140 
20000 94812654 
20000 94843138 
20000 94873709 
20000 94904222 
20000 94934745 
20000 94965345 
20000 94995902 
20000 95026484 
20000 95056957 
20000 95087496 
20000 95118065 
20000 95148541 
20000 95179113 
20000 95209668 
20000 95240130 
20000 95270648 
20000 95301217 
20000 95331795 
20000 95362343 
20000 95392835 
20000 95423431 
20000 95453954 
20000 95484462 
20000 95514957 
20000 95545529 
20000 95576080 
20000 95606612 
20000 95637113 
20000 95667693 
20000 95698203 
20000 95728630 
20000 95759119 
20000 95789607 
20000 95820125 
20000 95850642 
20000 95881197 
20000 95911753 
20000 95942300 
20000 95972813 
20000 96003356 
20000 96033893 
20000 96064443 
20000 96094960 
20000 96125511 
20000 96155983 
20000 96186526 
20000 96217085 
20000 96247630 
20000 96278128 
20000 96308782 
20000 96339229 
20000 96369796 
20000 96400370 
20000 96430894 
20000 96461448 
20000 96491994 
20000 96522515 
20000 96553073 
20000 96583601 
20000 96614143 
20000 96644618 
20000 96675155 
20000 96705711 
20000 96736237 
20000 96766694 
20000 96797220 
20000 96827673 
20000 96858237 
20000 96888769 
20000 96919294 
20000 96949788 
20000 96980247 
20000 97010786 
20000 97041251 
20000 97071967 
20000 97102323 
20000 97132877 
20000 97163448 
20000 97193984 
20000 97224556 
20000 97255114 
20000 97285697 
20000 97316223 
20000 97346677 
20000 97377215 
20000 97407754 
20000 97438347 
20000 97468919 
20000 97499431 
20000 97530012 
20000 97560623 
20000 97591217 
20000 97621701 
20000 97652172 
20000 97682717 
20000 97713452 
20000 97743769 
20000 97774260 
20000 97804816 
20000 97835268 
20000 97865856 
20000 97896339 
20000 97926919 
20000 97957440 
20000 97988066 
20000 98018603 
20000 98049229 
20000 98079779 
20000 98110311 
20000 98140926 
20000 98171422 
20000 98201983 
20000 98232501 
20000 98262993 
20000 98293577 
20000 98324074 
20000 98354680 
20000 98385144 
20000 98415678 
20000 98446233 
20000 98476845 
20000 98507350 
20000 98538003 
20000 98568604 
20000 98599177 
20000 98629695 
20000 98660217 
20000 98690795 
20000 98721197 
20000 98751771 
20000 98782314 
20000 98812767 
20000 98843331 
20000 98873878 
20000 98904445 
20000 98935022 
20000 98965587 
20000 98996250 
20000 99026550 
20000 99057172 
20000 99087709 
20000 99118268 
20000 99148796 
20000 99179280 
20000 99209872 
20000 99240394 
20000 99270956 
20000 99301437 
20000 99331929 
20000 99362470 
20000 99392940 
20000 99423554 
20000 99454170 
20000 99484733 
20000 99515263 
20000 99545782 
20000 99576328 
20000 99606872 
20000 99637495 
20000 99667802 
20000 99698415 
20000 99728936 
20000 99759452 
20000 99790019 
20000 99820533 
20000 99851041 
20000 99881627 
20000 99912177 
20000 99942701 
20000 99973230 
20000 100003755 
20000 100034272 
20000 100064750 
20000 100095309 
20000 100125870 
20000 100156412 
20000 100186912 
20000 100217434 
20000 100247950 
20000 100278603 
20000 100309001 
20000 100339587 
20000 100370159 
20000 100400670 
20000 100431184 
20000 100461740 
20000 100492270 
20000 100522780 
20000 100553303 
20000 100583767 
20000 100614296 
20000 100644837 
20000 100675302 
20000 100705902 
20000 100736485 
20000 100766945 
20000 100797514 
20000 100828102 
20000 100858614 
20000 100889183 
20000 100919770 
20000 100950309 
20000 100980918 
20000 101011507 
20000 101042079 
20000 101072586 
20000 101103205 
20000 101133749 
20000 101164277 
20000 101194795 
20000 101225380 
20000 101255875 
20000 101286518 
20000 101317062 
20000 101347595 
20000 101378073 
20000 101408642 
20000 101439164 
20000 101469692 
20000 101500170 
20000 101530695 
20000 101561312 
20000 101591806 
20000 101622283 
20000 101652653 
20000 101683322 
20000 101713633 
20000 101744213 
20000 101774643 
20000 101805219 
20000 101835705 
20000 101866254 
20000 101896716 
20000 101927177 
20000 101957730 
20000 101988261 
20000 102018784 
20000 102049312 
20000 102079781 
20000 102110325 
20000 102140827 
20000 102171336 
20000 102201962 
20000 102232400 
20000 102262915 
20000 102293379 
20000 102323905 
20000 102354389 
20000 102384913 
20000 102415432 
20000 102445956 
20000 102476501 
20000 102507018 
20000 102537531 
20000 102568066 
20000 102598597 
20000 102629112 
20000 102659630 
20000 102690136 
20000 102720672 
20000 102751131 
20000 102781569 
20000 102812067 
20000 102842615 
20000 102873129 
20000 102903651 
20000 102934155 
20000 102964702 
20000 102995223 
20000 103025742 
20000 103056278 
20000 103086803 
20000 103117257 
20000 103147773 
20000 103178318 
20000 103208847 
20000 103239365 
20000 103269889 
20000 103300333 
20000 103330889 
20000 103361404 
20000 103391938 
20000 103422506 
20000 103453086 
20000 103483625 
20000 103514088 
20000 103544645 
20000 103575116 
20000 103605683 
20000 103636200 
20000 103666638 
20000 103697194 
20000 103727732 
20000 103758061 
20000 103788635 
20000 103819146 
20000 103849682 
20000 103880202 
20000 103910679 
20000 103941209 
20000 103971746 
20000 104002267 
20000 104032783 
20000 104063277 
20000 104093834 
20000 104124422 
20000 104154797 
20000 104185383 
20000 104215914 
20000 104246417 
20000 104276946 
20000 104307536 
20000 104338075 
20000 104368563 
20000 104399122 
20000 104429673 
20000 104460194 
20000 104490723 
20000 104521318 
20000 104551872 
20000 104582444 
20000 104612986 
20000 104643566 
20000 104674112 
20000 104704682 
20000 104735231 
20000 104765804 
20000 104796216 
20000 104826812 
20000 104857397 
20000 104887978 
20000 104918528 
20000 104949073 
20000 104979691 
20000 105010228 
20000 105040851 
20000 105071418 
20000 105101975 
20000 105132492 
20000 105163015 
20000 105193545 
20000 105224094 
20000 105254665 
20000 105285256 
20000 105315810 
20000 105346322 
20000 105376925 
20000 105407522 
20000 105438058 
20000 105468567 
20000 105499144 
20000 105529880 
20000 105560179 
20000 105590856 
20000 105621415 
20000 105651918 
20000 105682445 
20000 105713058 
20000 105743529 
20000 105773995 
20000 105804510 
20000 105835079 
20000 105865596 
20000 105896212 
20000 105926799 
20000 105957388 
20000 105987899 
20000 106018459 
20000 106049071 
20000 106079561 
20000 106110114 
20000 106140597 
20000 106171301 
20000 106201607 
20000 106232234 
20000 106262745 
20000 106293296 
20000 106323814 
20000 106354375 
20000 106384873 
20000 106415278 
20000 106445848 
20000 106476364 
20000 106506959 
20000 106537531 
20000 106568101 
20000 106598706 
20000 106629214 
20000 106659748 
20000 106690345 
20000 106720712 
20000 106751250 
20000 106781699 
20000 106812217 
20000 106842762 
20000 106873341 
20000 106903935 
20000 106934490 
20000 106965043 
20000 106995627 
20000 107026202 
20000 107056735 
20000 107087365 
20000 107117963 
20000 107148514 
20000 107179088 
20000 107209639 
20000 107240150 
20000 107270758 
20000 107301283 
20000 107331894 
20000 107362439 
20000 107392985 
20000 107423586 
20000 107454253 
20000 107484623 
20000 107515248 
20000 107545858 
20000 107576419 
20000 107606997 
20000 107637523 
20000 107668140 
20000 107698696 
20000 107729255 
20000 107759750 
20000 107790232 
20000 107820800 
20000 107851360 
20000 107881953 
20000 107912536 
20000 107943036 
20000 107973600 
20000 108004165 
20000 108034754 
20000 108065334 
20000 108096030 
20000 108126404 
20000 108156988 
20000 108187522 
20000 108218078 
20000 108248611 
20000 108279168 
20000 108309677 
20000 108340215 
20000 108370679 
20000 108401115 
20000 108431665 
20000 108462209 
20000 108492753 
20000 108523256 
20000 108553880 
20000 108584358 
20000 108614909 
20000 108645416 
20000 108675901 
20000 108706466 
20000 108737134 
20000 108767453 
20000 108798018 
20000 108828709 
20000 108859221 
20000 108889788 
20000 108920368 
20000 108950890 
20000 108981492 
20000 109012061 
20000 109042598 
20000 109073122 
20000 109103639 
20000 109134124 
20000 109164657 
20000 109195212 
20000 109225712 
20000 109256305 
20000 109286886 
20000 109317394 
20000 109347864 
20000 109378470 
20000 109408977 
20000 109439464 
20000 109470028 
20000 109500493 
20000 109530975 
20000 109561543 
20000 109592099 
20000 109622615 
20000 109653151 
20000 109683641 
20000 109714174 
20000 109744682 
20000 109775126 
20000 109805646 
20000 109836168 
20000 109866576 
20000 109897186 
20000 109927770 
20000 109958317 
20000 109988880 
20000 110019535 
20000 110050060 
20000 110080623 
20000 110111175 
20000 110141710 
20000 110172213 
20000 110202822 
20000 110233284 
20000 110263806 
20000 110294348 
20000 110324840 
20000 110355395 
20000 110385916 
20000 110416427 
20000 110446996 
20000 110477510 
20000 110508007 
20000 110538523 
20000 110569107 
20000 110599722 
20000 110630199 
20000 110660857 
20000 110691197 
20000 110721803 
20000 110752282 
20000 110782816 
20000 110813361 
20000 110843894 
20000 110874369 
20000 110904942 
20000 110935433 
20000 110965998 
20000 110996534 
20000 111027080 
20000 111057595 
20000 111088182 
20000 111118727 
20000 111149221 
20000 111179790 
20000 111210321 
20000 111240728 
20000 111271287 
20000 111301836 
20000 111332311 
20000 111362870 
20000 111393313 
20000 111423909 
20000 111454491 
20000 111485071 
20000 111515661 
20000 111546190 
20000 111576754 
20000 111607294 
20000 111637835 
20000 111668420 
20000 111698968 
20000 111729510 
20000 111759922 
20000 111790424 
20000 111820964 
20000 111851573 
20000 111882085 
20000 111912654 
20000 111943203 
20000 111973751 
20000 112004343 
20000 112034863 
20000 112065473 
20000 112096035 
20000 112126517 
20000 112157067 
20000 112187590 
20000 112218113 
20000 112248588 
20000 112279197 
20000 112309668 
20000 112340210 
20000 112370763 
20000 112401259 
19816 112431842 
