250 42 
500 90351 
750 173077 
1000 249577 
1250 320648 
1500 387026 
1750 449351 
2000 507936 
2250 563463 
2500 615853 
2750 665808 
3000 713396 
3250 758795 
3500 802239 
3750 843957 
4000 883955 
4250 922440 
4500 959547 
4750 995257 
5000 1029869 
5250 1063225 
5500 1095638 
5750 1127002 
6000 1157400 
6250 1186902 
6500 1215632 
6750 1243544 
7000 1270772 
7250 1297240 
7500 1323069 
7750 1348246 
8000 1372783 
8250 1396815 
8500 1420185 
8750 1443055 
9000 1465431 
9250 1487327 
9500 1508786 
9750 1529815 
10000 1550374 
10250 1570479 
10500 1590191 
10750 1609590 
11000 1628638 
11250 1647215 
11500 1665559 
11750 1683583 
12000 1701369 
12250 1718669 
12500 1735786 
12750 1752681 
13000 1769204 
13250 1785437 
13500 1801478 
13750 1817295 
14000 1832804 
14250 1848085 
14500 1863256 
14750 1878104 
15000 1892791 
15250 1907253 
15500 1921469 
15750 1935550 
16000 1949442 
16250 1963072 
16500 1976528 
16750 1989864 
17000 2003054 
17250 2016043 
17500 2028893 
17750 2041580 
18000 2054063 
18250 2066448 
18500 2078706 
18750 2090759 
19000 2102764 
19250 2114553 
19500 2126214 
19750 2137771 
20000 2149209 
20250 2160512 
20500 2171803 
20750 2194201 
21000 2238790 
21250 2327756 
21500 2505608 
18750 2860947 
13000 3571377 
10000 3986831 
7750 4280512 
6000 4507551 
4750 4692695 
3750 4848960 
3000 4984211 
2250 5103422 
1500 5209958 
1000 5306244 
500 5394149 
250 5474827 
250 5549636 
250 5619276 
250 5684361 
250 5745530 
250 5803130 
250 5857605 
250 5909270 
250 5958545 
250 6005412 
250 6050258 
250 6093135 
250 6134324 
250 6173892 
250 6211945 
250 6248648 
250 6284046 
250 6318199 
250 6351196 
250 6383291 
250 6414367 
250 6444481 
500 6473701 
500 6502127 
500 6529826 
500 6556715 
500 6582838 
500 6608351 
500 6633268 
750 6657499 
750 6681349 
750 6704560 
750 6727332 
1000 6749497 
1000 6771200 
1000 6792466 
1250 6813307 
1250 6833784 
1250 6853777 
1500 6873479 
1500 6892706 
1500 6911717 
1750 6930325 
1750 6948572 
2000 6966463 
2000 6984086 
2000 7001347 
2250 7018316 
2250 7035084 
2500 7051521 
2500 7067701 
2750 7083684 
2750 7099442 
3000 7114890 
3000 7130139 
3250 7145162 
3250 7159915 
3500 7174550 
3500 7188950 
3750 7203154 
3750 7217164 
4000 7230938 
4250 7244519 
4250 7258015 
4500 7271259 
4500 7284473 
4750 7297414 
4750 7310171 
5000 7322758 
5250 7335346 
5250 7347662 
5500 7359806 
5500 7371842 
5750 7383773 
6000 7395435 
6000 7407130 
6250 7418583 
6500 7429972 
6500 7441228 
6750 7452396 
6750 7463347 
7000 7474248 
7250 7484972 
7250 7495696 
7500 7506227 
7750 7516704 
7750 7526960 
8000 7537309 
8250 7547438 
8250 7557506 
8500 7567483 
8750 7577304 
8750 7587071 
9000 7596774 
9250 7606394 
9500 7615948 
9500 7625287 
9750 7634586 
10000 7643753 
10000 7652981 
10250 7662124 
10500 7671127 
10500 7679967 
10750 7688926 
11000 7697716 
11250 7706426 
11250 7715072 
11500 7723663 
11750 7732171 
11750 7740604 
12000 7749041 
12250 7757300 
12500 7765545 
12500 7773734 
12750 7781860 
13000 7789906 
13250 7797900 
13250 7805834 
13500 7813658 
13750 7821565 
14000 7829287 
14000 7836950 
14250 7844566 
14500 7852123 
14750 7859671 
14750 7867155 
15000 7874576 
15250 7881950 
15500 7889278 
15500 7896560 
15750 7903786 
16000 7910932 
16250 7918112 
16250 7925149 
16500 7932188 
16750 7939185 
17000 7946126 
17000 7953033 
17250 7959887 
17500 7966698 
17750 7973469 
18000 7980202 
18000 7986861 
18250 7993447 
18500 8000016 
18750 8006574 
19000 8013103 
19000 8019599 
19250 8026041 
19500 8032432 
19750 8038778 
19750 8045064 
20000 8051334 
20250 8057580 
20500 8063803 
20500 8076049 
20750 8100465 
20500 8149057 
20000 8246048 
18750 8439621 
17500 8633153 
16500 8795554 
15750 8935243 
15000 9057850 
14250 9167148 
13750 9265823 
13250 9355593 
12750 9438017 
12250 9514119 
12000 9584926 
11750 9651109 
11500 9713111 
11250 9771572 
11250 9826721 
11000 9879107 
10750 9929047 
10750 9976314 
10500 10021689 
10500 10065057 
10500 10106650 
10250 10146446 
10250 10184953 
10250 10221888 
10250 10257571 
10250 10292100 
10000 10325508 
10000 10357872 
10000 10389198 
10000 10419558 
10000 10449036 
10000 10477625 
10250 10505551 
10250 10532715 
10250 10559003 
10250 10584852 
10250 10609918 
10250 10634478 
10500 10658415 
10500 10681787 
10500 10704639 
10750 10726871 
10750 10748785 
10750 10770159 
11000 10791108 
11000 10811708 
11000 10831838 
11250 10851595 
11250 10870957 
11250 10889859 
11500 10908622 
11500 10926898 
11750 10944875 
11750 10962544 
12000 10979943 
12000 10997052 
12250 11013887 
12250 11030406 
12500 11046742 
12500 11062815 
12500 11078939 
12750 11094083 
12750 11109296 
13000 11124468 
13250 11139339 
13250 11153947 
13500 11168356 
13500 11182669 
13750 11196720 
13750 11210599 
14000 11224283 
14000 11237793 
14250 11251129 
14250 11264258 
14500 11277296 
14750 11290080 
14750 11302738 
15000 11315285 
15000 11327663 
15250 11339887 
15500 11351941 
15500 11363897 
15750 11375678 
15750 11387353 
16000 11398902 
16250 11410332 
16250 11421666 
16500 11432841 
16750 11443889 
16750 11454812 
17000 11465591 
17000 11476276 
17250 11486896 
17500 11497395 
17500 11507782 
17750 11518041 
18000 11528230 
18000 11538293 
18250 11548299 
18500 11558174 
18500 11567973 
18750 11577735 
19000 11587350 
19250 11596832 
19250 11606303 
19500 11615664 
19750 11624938 
20000 11634147 
20000 11643264 
20250 11652324 
20500 11661513 
20500 11679523 
20500 11715401 
20500 11786851 
19750 11929766 
17500 12215250 
16000 12437370 
14750 12619186 
13750 12773115 
13000 12906563 
12250 13024399 
11500 13129842 
11000 13225211 
10500 13312379 
10250 13392527 
9750 13466831 
9500 13536000 
9250 13600602 
9000 13661405 
8750 13718746 
8750 13772849 
8500 13824394 
8250 13873356 
8250 13920027 
8000 13964625 
8000 14007372 
8000 14048387 
7750 14087830 
7750 14125746 
7750 14162257 
7750 14197573 
7750 14231652 
7500 14264650 
7500 14296647 
7500 14327653 
7500 14357628 
7500 14386838 
7500 14415229 
7750 14442669 
7750 14469618 
7750 14495790 
7750 14521343 
7750 14546265 
7750 14570573 
8000 14594344 
8000 14617376 
8000 14640116 
8000 14662336 
8250 14684023 
8250 14705316 
8250 14726169 
8500 14746633 
8500 14766586 
8500 14786185 
8750 14805407 
8750 14824288 
8750 14842869 
9000 14860969 
9000 14878879 
9250 14896428 
9250 14913694 
9500 14930761 
9500 14947500 
9500 14963951 
9750 14980125 
9750 14996091 
10000 15011795 
10000 15027211 
10250 15042386 
10250 15057388 
10500 15072288 
10750 15086854 
10750 15101261 
11000 15115395 
11000 15129428 
11250 15143256 
11250 15156880 
11500 15170335 
11500 15183648 
11750 15196636 
12000 15209562 
12000 15222364 
12250 15235025 
12250 15247430 
12500 15259804 
12750 15271987 
12750 15284031 
13000 15295935 
13000 15307673 
13250 15319243 
13500 15330761 
13500 15342218 
13750 15353503 
14000 15364632 
14000 15375651 
14250 15386553 
14250 15397261 
14500 15408001 
14750 15418528 
14750 15428961 
15000 15439246 
15250 15449540 
15250 15459693 
15500 15469753 
15750 15479715 
15750 15489573 
16000 15499360 
16250 15509037 
16500 15518616 
16500 15528081 
16750 15537485 
17000 15546843 
17000 15556072 
17250 15565265 
17500 15574345 
17500 15583367 
17750 15592320 
18000 15601179 
18250 15609961 
18250 15618617 
18500 15627284 
18750 15635836 
18750 15644322 
19000 15652763 
19250 15661134 
19500 15669410 
19500 15677619 
19750 15685796 
20000 15693870 
20000 15701971 
20250 15709967 
20500 15718018 
20500 15733985 
20500 15765589 
20250 15828543 
19500 15954383 
17750 16205611 
16500 16406330 
15250 16573731 
14500 16717125 
13750 16842585 
13000 16954132 
12500 17054430 
12000 17145699 
11500 17229495 
11250 17306625 
11000 17378329 
10500 17445212 
10250 17508000 
10000 17567104 
10000 17622912 
9750 17675775 
9500 17726050 
9500 17773900 
9250 17819556 
9250 17863210 
9250 17905123 
9000 17945312 
9000 17984041 
9000 18021200 
9000 18057178 
9000 18091899 
8750 18125834 
8750 18157889 
8750 18189405 
8750 18219884 
8750 18249486 
8750 18278314 
9000 18306292 
9000 18333532 
9000 18360056 
9000 18385911 
9000 18411036 
9000 18435666 
9250 18459623 
9250 18483039 
9250 18505941 
9250 18528364 
9500 18550343 
9500 18571810 
9500 18592789 
9500 18613432 
9750 18633583 
9750 18653415 
10000 18672844 
10000 18691934 
10000 18710641 
10250 18729017 
10250 18747117 
10250 18765372 
10500 18782272 
10500 18799436 
10750 18816328 
10750 18832930 
11000 18849267 
11000 18865359 
11250 18881165 
11250 18896709 
11500 18912074 
11500 18927220 
11750 18942090 
11750 18956826 
12000 18971331 
12000 18985665 
12250 18999771 
12250 19013655 
12500 19027315 
12500 19040785 
12750 19054118 
13000 19067313 
13000 19080298 
13250 19093126 
13250 19105766 
13500 19118309 
13500 19130633 
13750 19142832 
14000 19154915 
14000 19166892 
14250 19178757 
14500 19190353 
14500 19201837 
14750 19213239 
14750 19224494 
15000 19235646 
15250 19246659 
15250 19257588 
15500 19268363 
15750 19279094 
15750 19289681 
16000 19300169 
16250 19310573 
16250 19320872 
16500 19331007 
16750 19341107 
16750 19351125 
17000 19360997 
17250 19370802 
17250 19380531 
17500 19390177 
17750 19399727 
17750 19409239 
18000 19418590 
18250 19427883 
18500 19437096 
18500 19446225 
18750 19455243 
19000 19464225 
19000 19473123 
19250 19481952 
19500 19490707 
19750 19499369 
19750 19507982 
20000 19516525 
20250 19524956 
20250 19533438 
20500 19550179 
20500 19583468 
20250 19649858 
19250 19782293 
17250 20047113 
16000 20256294 
14750 20429532 
13750 20577248 
13000 20705964 
12250 20820278 
11750 20922500 
11250 21015485 
10750 21100596 
10500 21178940 
10000 21251746 
9750 21319583 
9500 21383111 
9250 21442911 
9250 21499422 
9250 21552810 
9000 21603568 
8750 21651880 
8750 21698009 
8500 21742167 
8500 21784340 
8500 21824933 
8250 21863891 
8250 21901357 
8250 21937573 
8250 21972580 
8250 22006336 
8250 22038975 
8250 22070626 
8250 22101320 
8250 22131126 
8250 22160112 
8250 22188194 
8250 22215650 
8250 22242301 
8250 22268285 
8250 22293639 
8500 22318398 
8500 22342510 
8500 22366149 
8500 22389159 
8500 22411742 
8750 22433809 
8750 22455392 
8750 22476510 
9000 22497256 
9000 22517544 
9000 22537426 
9250 22556990 
9250 22576113 
9250 22594929 
9500 22613371 
9500 22631454 
9750 22649330 
9750 22666871 
9750 22684072 
10000 22701055 
10000 22717665 
10250 22734042 
10250 22750248 
10500 22766143 
10500 22781720 
10750 22797187 
10750 22812385 
11000 22827351 
11000 22842075 
11250 22856621 
11500 22870981 
11500 22885153 
11750 22899076 
12000 22912833 
12000 22926415 
12250 22939751 
12250 22953015 
12500 22966041 
12500 22978929 
12750 22991693 
13000 23004270 
13000 23016673 
13250 23028953 
13250 23041102 
13500 23053078 
13750 23064936 
13750 23076681 
14000 23088274 
14000 23099755 
14250 23111101 
14500 23122331 
14500 23133439 
14750 23144414 
15000 23155263 
15000 23166035 
15250 23176644 
15500 23187198 
15500 23197632 
15750 23207949 
16000 23218128 
16000 23228273 
16250 23238211 
16500 23248211 
16500 23258004 
16750 23267620 
17000 23277292 
17250 23286881 
17250 23296295 
17500 23305622 
17750 23314864 
17750 23324136 
18000 23333250 
18250 23342261 
18250 23351194 
18500 23360133 
18750 23368963 
19000 23377676 
19000 23386405 
19250 23395001 
19500 23403448 
19750 23411912 
19750 23420316 
20000 23428644 
20250 23436848 
20500 23445120 
20500 23461520 
20500 23494062 
20250 23558848 
19500 23688402 
17500 23947183 
16000 24152875 
15000 24323360 
14000 24469132 
13250 24596459 
12500 24709439 
12000 24811014 
11500 24903259 
11000 24987737 
10750 25065699 
10500 25138052 
10250 25205551 
10000 25268712 
9750 25328196 
9500 25384339 
9250 25437549 
9250 25488101 
9000 25536224 
9000 25582176 
8750 25626133 
8750 25668252 
8500 25708672 
8500 25747473 
8500 25784912 
8500 25820941 
8500 25855791 
8500 25889495 
8250 25922094 
8250 25953684 
8250 25984314 
8250 26014050 
8250 26042897 
8500 26071106 
8500 26098373 
8500 26125018 
8500 26150999 
8500 26176284 
8500 26201037 
8750 26225120 
8750 26248684 
8750 26271695 
8750 26294154 
9000 26316201 
9000 26337747 
9000 26358822 
9250 26379554 
9250 26399819 
9250 26419679 
9500 26439201 
9500 26458358 
9500 26477136 
9750 26495593 
9750 26513608 
10000 26531460 
10000 26548953 
10000 26566107 
10250 26582994 
10250 26599602 
10500 26616055 
10500 26632136 
10750 26647994 
10750 26663565 
11000 26678932 
11000 26694120 
11250 26709052 
11250 26723778 
11500 26738330 
11500 26752653 
11750 26766791 
11750 26780714 
12000 26794480 
12250 26808057 
12250 26821455 
12500 26834690 
12500 26847705 
12750 26860624 
13000 26873326 
13000 26885902 
13250 26898239 
13250 26910482 
13500 26922646 
13750 26934586 
13750 26946443 
14000 26958152 
14000 26969782 
14250 26981211 
14500 26992547 
14500 27003659 
14750 27014855 
15000 27025789 
15000 27036643 
15250 27047401 
15500 27058043 
15500 27068597 
15750 27078869 
16000 27089242 
16000 27099450 
16250 27109583 
16500 27119602 
16500 27129541 
16750 27139368 
17000 27149117 
17000 27158769 
17250 27168324 
17500 27177770 
17500 27187215 
17750 27196479 
18000 27205705 
18000 27214857 
18250 27223918 
18500 27232907 
18750 27241869 
18750 27250665 
19000 27259369 
19250 27268055 
19250 27276679 
19500 27285217 
19750 27293705 
20000 27302079 
20000 27310366 
20250 27318670 
20500 27327026 
20500 27343519 
20500 27376300 
20250 27441655 
19500 27572084 
17500 27832722 
16250 28039650 
15250 28211075 
14250 28357498 
13500 28485273 
12750 28598628 
12250 28700505 
11750 28792951 
11250 28877662 
10750 28955669 
10500 29028180 
10250 29095733 
10000 29159100 
9750 29218702 
9500 29275094 
9500 29328341 
9250 29378853 
9000 29427125 
9000 29473140 
8750 29517128 
8750 29559253 
8750 29599746 
8500 29638742 
8500 29676167 
8500 29712264 
8500 29747102 
8500 29780877 
8500 29813520 
8500 29845092 
8500 29875828 
8500 29905623 
8500 29934486 
8500 29962658 
8500 29989997 
8500 30016635 
8500 30042699 
8750 30067858 
8750 30092539 
8750 30116691 
8750 30140231 
9000 30163227 
9000 30185752 
9000 30207795 
9000 30229351 
9250 30250459 
9250 30271097 
9250 30291375 
9500 30311263 
9500 30330766 
9500 30349879 
9750 30368687 
9750 30387001 
10000 30405133 
10000 30422895 
10000 30440336 
10250 30457524 
10250 30474426 
10500 30491084 
10500 30507463 
10750 30523594 
10750 30539408 
11000 30555091 
11000 30570476 
11250 30585574 
11250 30600494 
11500 30615239 
11500 30629736 
11750 30644061 
11750 30658223 
12000 30672114 
12000 30685890 
12250 30699369 
12500 30712783 
12500 30726004 
12750 30739064 
12750 30751929 
13000 30764629 
13000 30777202 
13250 30789633 
13500 30801929 
13500 30814056 
13750 30826086 
13750 30837852 
14000 30849651 
14250 30861241 
14250 30872708 
14500 30884044 
14750 30895263 
14750 30906216 
15000 30917292 
15250 30928162 
15250 30938900 
15500 30949527 
15500 30959991 
15750 30970492 
16000 30980799 
16000 30991020 
16250 31001052 
16500 31011119 
16500 31021038 
16750 31030856 
17000 31040609 
17250 31050261 
17250 31059824 
17500 31069312 
17750 31078701 
17750 31087974 
18000 31097232 
18250 31106400 
18250 31115413 
18500 31124423 
18750 31133327 
19000 31142171 
19000 31150946 
19250 31159624 
19500 31168191 
19500 31176694 
19750 31185162 
20000 31193584 
20250 31201940 
20250 31210287 
20500 31226769 
20500 31259571 
20000 31325366 
19250 31455561 
18500 31586011 
17750 31701457 
17250 31804998 
16750 31898922 
16250 31984797 
15750 32063855 
15500 32137141 
15250 32205520 
15000 32269528 
14750 32329680 
14500 32386409 
14500 32440216 
14250 32491135 
14250 32539807 
14000 32586172 
14000 32630551 
13750 32673017 
13750 32713718 
13750 32752877 
13750 32790559 
13500 32826949 
13500 32862077 
13500 32896045 
13500 32928887 
13500 32960691 
13500 32991571 
13500 33021370 
13500 33050412 
13500 33078629 
13500 33106138 
13500 33132925 
13500 33158981 
13750 33184449 
13750 33209224 
13750 33233440 
13750 33257124 
14000 33280306 
14000 33302870 
14000 33325099 
14000 33346719 
14250 33367892 
14250 33388648 
14500 33409010 
14500 33428947 
14500 33448529 
14750 33467677 
14750 33486519 
14750 33505062 
15000 33523262 
15000 33541115 
15250 33558704 
15250 33575934 
15500 33592971 
15500 33609729 
15750 33626198 
15750 33642356 
15750 33658253 
16000 33673931 
16000 33689365 
16250 33704595 
16250 33719517 
16500 33734250 
16500 33748809 
16750 33763228 
17000 33777386 
17000 33791354 
17250 33805140 
17250 33818690 
17500 33832101 
17500 33845347 
17750 33858447 
17750 33871281 
18000 33884102 
18250 33896683 
18250 33909130 
18500 33921429 
18500 33933584 
18750 33945590 
19000 33957466 
19000 33969144 
19250 33980689 
19500 33992086 
19500 34003456 
19750 34014677 
19750 34025749 
20000 34036751 
20250 34047569 
20250 34058412 
20500 34079958 
20250 34122868 
19750 34208372 
19500 34379465 
18750 34525564 
17750 34653113 
17250 34766278 
16500 34867974 
16000 34960339 
15750 35044848 
15250 35122906 
15000 35195329 
14500 35262876 
14250 35326170 
14000 35385660 
13750 35441848 
13750 35495182 
13500 35545812 
13250 35593954 
13250 35639912 
13250 35683851 
13000 35725957 
13000 35766416 
13000 35805273 
12750 35842764 
12750 35878854 
12750 35913796 
12750 35947519 
12750 35980181 
12750 36011804 
12750 36042441 
12750 36072250 
12750 36101135 
12750 36129231 
12750 36156484 
12750 36183161 
12750 36209140 
12750 36234406 
13000 36259124 
13000 36283246 
13000 36306712 
13000 36329782 
13250 36352271 
13250 36374243 
13250 36395781 
13250 36417021 
13500 36437693 
13500 36458005 
13500 36477891 
13750 36497412 
13750 36516542 
14000 36535297 
14000 36553708 
14000 36571819 
14250 36589599 
14250 36607073 
14500 36624293 
14500 36641175 
14500 36657757 
14750 36674149 
14750 36690294 
15000 36706141 
15000 36721794 
15250 36737207 
15250 36752339 
15500 36767286 
15500 36782007 
15750 36796538 
15750 36810901 
16000 36824977 
16250 36838892 
16250 36852667 
16500 36866226 
16500 36879587 
16750 36892807 
16750 36905845 
17000 36918706 
17000 36931414 
17250 36944059 
17500 36956443 
17500 36968683 
17750 36980789 
17750 36992689 
18000 37004636 
18250 37016351 
18250 37027944 
18500 37039306 
18750 37050700 
18750 37061902 
19000 37073010 
19000 37083861 
19250 37094787 
19500 37105478 
19500 37116107 
19750 37126626 
20000 37137044 
20000 37147386 
20250 37157694 
20500 37168012 
20500 37188420 
20500 37229081 
20000 37310237 
19000 37472230 
17750 37634344 
17000 37773847 
16250 37896306 
15500 38005522 
15000 38104020 
14500 38193790 
14250 38276108 
13750 38352201 
13500 38422918 
13250 38489130 
13000 38551109 
12750 38609549 
12500 38664798 
12500 38717199 
12250 38766987 
12250 38814442 
12000 38859724 
12000 38903120 
11750 38944717 
11750 38984603 
11750 39023042 
11750 39060093 
11500 39095818 
11500 39130342 
11500 39163711 
11500 39196091 
11500 39227380 
11500 39257799 
11500 39287338 
11500 39315925 
11500 39343773 
11500 39370872 
11500 39397369 
11750 39422936 
11750 39448127 
11750 39472557 
11750 39496542 
11750 39519857 
12000 39542733 
12000 39565088 
12000 39586925 
12250 39608338 
12250 39629346 
12250 39649887 
12250 39670129 
12500 39689736 
12500 39709131 
12750 39728133 
12750 39746788 
12750 39765163 
13000 39783204 
13000 39800902 
13250 39818276 
13250 39835328 
13500 39852067 
13500 39868722 
13500 39885033 
13750 39901054 
13750 39916822 
14000 39932369 
14000 39947610 
14250 39962737 
14250 39977585 
14500 39992243 
14500 40006735 
14750 40021009 
14750 40035122 
15000 40048949 
15250 40062630 
15250 40076195 
15500 40089553 
15500 40102718 
15750 40115704 
15750 40128536 
16000 40141185 
16250 40153706 
16250 40166091 
16500 40178328 
16500 40190416 
16750 40202351 
17000 40214173 
17000 40225856 
17250 40237397 
17250 40248831 
17500 40260171 
17750 40271325 
17750 40282368 
18000 40293346 
18250 40304121 
18250 40314842 
18500 40325445 
18750 40335924 
18750 40346293 
19000 40356571 
19250 40366756 
19250 40376839 
19500 40386842 
19750 40396715 
19750 40406508 
20000 40416248 
20250 40425868 
20250 40435449 
20500 40454486 
20250 40492381 
20000 40567973 
19000 40718883 
18250 40869814 
17250 41001017 
16750 41117031 
16250 41221013 
15750 41315245 
15250 41401418 
14750 41480771 
14500 41554300 
14250 41622857 
13750 41687002 
13500 41747300 
13500 41804208 
13250 41858102 
13000 41909233 
13000 41957918 
12750 42004356 
12750 42048753 
12500 42091304 
12500 42132113 
12500 42171328 
12500 42209029 
12500 42245464 
12500 42280530 
12250 42314546 
12250 42347473 
12250 42379269 
12250 42410186 
12250 42440158 
12250 42469235 
12500 42497519 
12500 42524941 
12500 42551781 
12500 42577913 
12500 42603240 
12500 42628053 
12500 42652261 
12750 42675906 
12750 42699043 
12750 42721683 
12750 42743774 
13000 42765419 
13000 42786581 
13000 42807389 
13250 42827815 
13250 42847765 
13250 42867294 
13500 42886509 
13500 42905284 
13750 42923820 
13750 42942040 
13750 42959921 
14000 42977522 
14000 42994765 
14250 43011742 
14250 43028426 
14500 43044831 
14500 43061037 
14750 43076962 
14750 43092572 
15000 43108034 
15000 43123239 
15250 43138262 
15250 43153123 
15500 43167692 
15500 43182055 
15750 43196247 
15750 43210198 
16000 43223972 
16250 43237580 
16250 43251010 
16500 43264265 
16500 43277300 
16750 43290266 
17000 43303034 
17000 43315654 
17250 43328039 
17250 43340408 
17500 43352582 
17750 43364621 
17750 43376500 
18000 43388264 
18250 43399879 
18250 43411354 
18500 43422721 
18500 43433849 
18750 43445060 
19000 43456016 
19000 43466943 
19250 43477697 
19500 43488366 
19500 43498955 
19750 43509331 
20000 43519627 
20000 43529855 
20250 43540044 
20500 43550345 
20500 43570624 
20500 43611008 
20000 43691572 
19000 43852314 
18000 44013144 
17000 44151690 
16250 44273492 
15750 44382079 
15250 44480127 
14750 44569375 
14250 44651458 
14000 44727147 
13750 44797764 
13500 44863601 
13000 44925502 
13000 44983776 
12750 45038896 
12500 45091086 
12250 45140705 
12250 45188063 
12000 45233274 
12000 45276472 
12000 45317985 
11750 45357824 
11750 45396147 
11750 45433135 
11750 45468802 
11750 45503256 
11750 45536558 
11750 45568787 
11750 45600057 
11750 45630372 
11750 45659803 
11750 45688433 
11750 45716205 
11750 45743286 
12000 45769758 
12000 45795463 
12000 45820617 
12000 45845112 
12000 45868970 
12250 45892430 
12250 45915260 
12250 45937558 
12500 45959484 
12500 45980928 
12500 46001865 
12750 46022425 
12750 46042516 
12750 46062196 
13000 46081565 
13000 46100605 
13000 46119129 
13250 46137419 
13250 46155356 
13500 46173051 
13500 46190417 
13750 46207575 
13750 46224326 
13750 46240894 
14000 46257246 
14000 46273277 
14250 46289038 
14250 46304554 
14500 46319857 
14500 46334922 
14750 46349870 
14750 46364529 
15000 46378997 
15000 46393237 
15250 46407312 
15500 46421169 
15500 46434870 
15750 46448407 
15750 46461798 
16000 46475002 
16000 46488085 
16250 46500962 
16250 46513606 
16500 46526162 
16750 46538562 
16750 46550767 
17000 46562884 
17000 46574834 
17250 46586600 
17500 46598207 
17500 46609829 
17750 46621221 
18000 46632488 
18000 46643703 
18250 46654712 
18500 46665659 
18500 46676495 
18750 46687180 
18750 46697819 
19000 46708277 
19250 46718613 
19250 46728910 
19500 46739019 
19750 46749106 
19750 46759095 
20000 46768992 
20250 46778814 
20500 46788587 
20500 46808059 
20500 46846664 
20000 46923711 
19000 47077478 
18000 47231185 
17250 47364534 
16500 47482206 
16000 47587470 
15500 47682742 
15000 47769787 
14750 47849939 
14250 47924078 
14000 47993149 
13750 48057647 
13500 48118446 
13250 48175666 
13000 48229892 
13000 48281273 
12750 48330280 
12750 48376953 
12500 48421501 
12500 48464252 
12250 48505239 
12250 48544561 
12250 48582511 
12250 48618955 
12250 48654251 
12000 48688347 
12000 48721361 
12000 48753389 
12000 48784263 
12000 48814335 
12250 48843473 
12250 48871858 
12250 48899521 
12250 48926387 
12250 48952478 
12250 48978015 
12500 49002886 
12500 49027185 
12500 49050885 
12500 49074067 
12750 49096723 
12750 49118866 
12750 49140508 
13000 49161787 
13000 49182567 
13000 49203000 
13250 49222930 
13250 49242611 
13250 49261934 
13500 49280735 
13500 49299189 
13750 49317431 
13750 49335333 
13750 49352868 
14000 49370195 
14000 49387072 
14250 49403818 
14250 49420279 
14500 49436437 
14500 49452384 
14750 49468108 
14750 49483629 
15000 49498874 
15000 49513914 
15250 49528717 
15250 49543307 
15500 49557722 
15500 49571946 
15750 49585928 
15750 49599668 
16000 49613294 
16000 49626758 
16250 49640042 
16500 49653072 
16500 49666074 
16750 49678825 
16750 49691452 
17000 49703907 
17250 49716235 
17250 49728413 
17500 49740467 
17500 49752325 
17750 49764058 
18000 49775710 
18000 49787203 
18250 49798609 
18250 49809855 
18500 49821014 
18750 49832062 
18750 49842853 
19000 49853726 
19250 49864399 
19250 49874968 
19500 49885429 
19750 49895771 
19750 49906016 
20000 49916154 
20250 49926212 
20500 49936270 
20500 49956229 
20500 49995798 
20000 50074854 
19000 50232669 
18000 50390503 
17000 50526873 
16250 50646940 
15750 50754163 
15250 50851125 
14750 50939454 
14500 51020658 
14000 51095727 
13750 51165550 
13500 51230960 
13250 51292371 
13000 51350311 
12750 51405011 
12750 51456943 
12500 51506285 
12250 51553353 
12250 51598331 
12000 51641294 
12000 51682554 
12000 51722257 
12000 51760438 
11750 51797234 
11750 51832731 
11750 51867061 
11750 51900187 
11750 51932298 
11750 51963403 
11750 51993633 
11750 52022952 
11750 52051390 
11750 52079083 
12000 52106075 
12000 52132445 
12000 52158078 
12000 52183079 
12000 52207471 
12000 52231244 
12250 52254584 
12250 52277323 
12250 52299642 
12250 52321338 
12500 52342770 
12500 52363635 
12500 52384081 
12750 52404159 
12750 52423953 
12750 52443258 
13000 52462193 
13000 52480820 
13250 52499078 
13250 52517069 
13250 52534639 
13500 52551967 
13500 52568949 
13750 52585764 
13750 52602253 
14000 52618430 
14000 52634400 
14250 52650120 
14250 52665623 
14500 52680923 
14500 52695978 
14750 52710834 
14750 52725455 
15000 52739824 
15250 52754049 
15250 52768104 
15500 52781913 
15500 52795546 
15750 52809025 
15750 52822334 
16000 52835480 
16000 52848474 
16250 52861294 
16500 52873906 
16500 52886455 
16750 52898774 
16750 52911076 
17000 52923097 
17250 52934990 
17250 52946758 
17500 52958394 
17500 52969867 
17750 52981258 
18000 52992610 
18000 53003756 
18250 53014737 
18500 53025622 
18500 53036397 
18750 53047086 
19000 53057701 
19000 53068100 
19250 53078434 
19500 53088677 
19500 53098845 
19750 53108944 
20000 53118878 
20000 53128756 
20250 53138618 
20500 53148474 
20500 53168047 
20500 53207015 
20000 53284732 
19500 53439828 
18500 53594887 
17750 53729171 
17000 53847612 
16500 53953606 
15750 54049358 
15500 54136853 
15000 54217284 
14500 54291762 
14250 54361196 
14000 54426066 
13750 54487054 
13500 54544527 
13250 54598869 
13250 54650605 
13000 54699757 
12750 54746574 
12750 54791368 
12750 54834218 
12500 54875300 
12500 54914797 
12500 54952761 
12250 54989367 
12250 55024678 
12250 55058770 
12250 55091831 
12250 55123811 
12250 55154812 
12250 55184877 
12250 55214069 
12250 55242474 
12250 55270108 
12250 55296977 
12500 55323232 
12500 55348754 
12500 55373745 
12500 55398098 
12500 55421858 
12500 55445693 
12750 55467795 
12750 55490099 
12750 55511789 
13000 55533110 
13000 55553920 
13000 55574334 
13250 55594367 
13250 55613958 
13250 55633265 
13500 55652155 
13500 55670660 
13750 55688809 
13750 55706780 
13750 55724426 
14000 55741743 
14000 55758764 
14250 55775504 
14250 55791915 
14500 55808148 
14500 55824154 
14750 55839894 
14750 55855413 
15000 55870646 
15000 55885647 
15250 55900460 
15250 55915047 
15500 55929425 
15500 55943666 
15750 55957626 
15750 55971484 
16000 55985087 
16000 55998561 
16250 56011846 
16250 56024992 
16500 56037907 
16750 56050763 
16750 56063410 
17000 56075864 
17250 56088190 
17250 56100391 
17500 56112436 
17500 56124241 
17750 56136106 
18000 56147743 
18000 56159138 
18250 56170580 
18500 56181844 
18500 56193006 
18750 56203967 
19000 56214918 
19000 56225715 
19250 56236281 
19500 56246985 
19500 56257461 
19750 56267840 
20000 56278094 
20000 56288209 
20250 56298407 
20500 56308571 
20500 56328682 
20500 56368701 
20000 56448565 
19250 56607979 
18250 56767445 
17500 56905066 
16750 57025998 
16000 57134105 
15500 57231544 
15000 57320465 
14500 57402031 
14250 57477644 
14000 57547897 
13500 57613598 
13250 57675209 
13000 57733366 
13000 57788269 
12750 57840377 
12750 57889951 
12750 57937164 
12500 57982273 
12500 58025342 
12500 58066834 
12250 58106628 
12250 58144885 
12250 58181773 
12250 58217364 
12250 58251719 
12000 58285282 
12000 58317100 
12000 58348225 
12000 58378483 
12000 58407909 
12250 58436425 
12250 58464211 
12250 58491211 
12250 58517531 
12250 58543096 
12250 58568175 
12250 58592636 
12500 58616311 
12500 58639680 
12500 58662496 
12500 58684808 
12750 58706652 
12750 58727998 
12750 58748897 
13000 58769428 
13000 58789560 
13000 58809246 
13250 58828629 
13250 58847615 
13250 58866149 
13500 58884526 
13500 58902451 
13750 58920114 
13750 58937387 
14000 58954462 
14000 58971223 
14000 58987823 
14250 59004040 
14250 59020090 
14500 59035839 
14500 59051394 
14750 59066662 
14750 59081691 
15000 59096586 
15000 59111146 
15250 59125595 
15250 59139793 
15500 59153811 
15750 59167683 
15750 59181346 
16000 59194806 
16000 59208157 
16250 59221300 
16250 59234282 
16500 59247100 
16500 59259875 
16750 59272166 
17000 59284556 
17000 59296766 
17250 59308781 
17250 59320714 
17500 59332510 
17750 59344166 
17750 59355609 
18000 59367025 
18250 59378361 
18250 59389478 
18500 59400532 
18750 59411424 
18750 59422239 
19000 59432947 
19000 59443498 
19250 59453984 
19500 59464381 
19500 59474639 
19750 59484756 
20000 59494841 
20000 59504830 
20250 59514813 
20500 59524799 
20500 59544540 
20500 59583930 
20000 59662338 
19000 59819058 
18500 59975675 
17750 60111673 
17000 60231037 
16500 60337794 
15750 60434174 
15250 60522148 
15000 60603064 
14500 60677915 
14250 60747604 
14000 60812814 
13750 60874011 
13500 60931696 
13250 60986249 
13250 61038015 
13000 61087282 
12750 61134226 
12750 61179079 
12500 61222003 
12500 61263207 
12500 61302800 
12500 61340895 
12250 61377611 
12250 61412960 
12250 61447116 
12250 61480223 
12250 61512354 
12250 61543427 
12250 61573572 
12250 61602856 
12250 61631238 
12250 61658814 
12250 61685815 
12250 61712083 
12250 61737665 
12500 61762675 
12500 61787065 
12500 61810923 
12500 61834234 
12750 61856915 
12750 61879125 
12750 61900891 
12750 61922188 
13000 61943089 
13000 61963570 
13000 61983573 
13250 62003339 
13250 62022622 
13250 62041572 
13500 62060166 
13500 62078333 
13750 62096307 
13750 62113943 
13750 62131284 
14000 62148391 
14000 62165143 
14250 62181626 
14250 62197887 
14500 62213861 
14500 62229554 
14750 62245030 
14750 62260324 
15000 62275381 
15000 62290228 
15250 62304881 
15250 62319244 
15500 62333429 
15500 62347448 
15750 62361293 
15750 62374946 
16000 62388440 
16250 62401729 
16250 62414902 
16500 62427766 
16500 62440564 
16750 62453205 
16750 62465702 
17000 62478035 
17250 62490233 
17250 62502225 
17500 62514158 
17750 62525923 
17750 62537570 
18000 62549121 
18000 62560493 
18250 62571727 
18500 62582909 
18500 62593914 
18750 62604800 
19000 62615572 
19000 62626266 
19250 62636750 
19500 62647254 
19500 62657595 
19750 62667853 
20000 62678020 
20000 62688072 
20250 62698137 
20500 62708202 
20500 62728134 
20500 62767821 
20000 62846884 
19250 63004924 
18250 63162963 
17250 63299488 
16500 63419625 
16000 63526840 
15500 63623852 
15000 63712340 
14500 63793661 
14000 63868878 
13750 63938753 
13500 64004081 
13250 64065533 
13000 64123419 
12750 64178195 
12750 64230114 
12500 64279453 
12250 64326543 
12250 64371510 
12250 64414574 
12000 64455867 
12000 64495576 
12000 64533749 
12000 64570539 
11750 64605987 
11750 64640356 
11750 64673499 
11750 64705643 
11750 64736823 
11750 64767074 
12000 64796406 
12000 64824953 
12000 64852600 
12000 64879555 
12000 64905833 
12000 64931444 
12250 64956391 
12250 64980857 
12250 65004641 
12250 65027955 
12500 65050682 
12500 65072945 
12500 65094792 
12750 65116091 
12750 65136969 
12750 65157473 
13000 65177524 
13000 65197303 
13000 65216649 
13250 65235500 
13250 65254161 
13500 65272406 
13500 65290413 
13500 65308077 
13750 65325468 
13750 65342473 
14000 65359299 
14000 65375856 
14250 65392135 
14250 65408147 
14500 65423942 
14500 65439368 
14750 65454661 
14750 65469680 
15000 65484571 
15000 65499172 
15250 65513583 
15250 65527771 
15500 65541801 
15500 65555615 
15750 65569319 
15750 65582807 
16000 65596061 
16250 65609128 
16250 65622086 
16500 65634836 
16500 65647570 
16750 65660028 
16750 65672391 
17000 65684615 
17250 65696673 
17250 65708573 
17500 65720356 
17500 65732023 
17750 65743550 
18000 65754950 
18000 65766201 
18250 65777359 
18500 65788406 
18500 65799325 
18750 65810128 
19000 65820847 
19000 65831375 
19250 65841824 
19500 65852170 
19500 65862456 
19750 65872604 
20000 65882634 
20000 65892589 
20250 65902534 
20500 65912453 
20500 65932212 
20500 65971504 
20000 66049899 
19250 66206461 
18250 66363040 
17250 66498474 
16500 66617818 
16000 66724450 
15500 66820821 
15000 66908832 
14500 66989717 
14250 67064593 
14000 67134368 
13500 67199605 
13250 67260817 
13250 67318516 
13000 67373118 
12750 67424872 
12500 67474125 
12500 67521123 
12250 67565984 
12250 67608881 
12250 67650089 
12000 67689688 
12000 67727760 
12000 67764485 
12000 67800011 
12000 67834208 
12000 67867389 
12000 67899500 
12000 67930582 
12000 67960749 
12000 67989993 
12000 68018474 
12000 68046127 
12000 68073108 
12000 68099355 
12250 68125048 
12250 68150002 
12250 68174382 
12250 68198201 
12250 68221529 
12500 68244212 
12500 68266402 
12500 68288157 
12750 68309523 
12750 68330389 
12750 68350828 
13000 68370852 
13000 68390476 
13000 68409769 
13250 68428696 
13250 68447324 
13250 68465603 
13500 68483560 
13500 68501178 
13750 68518472 
13750 68535472 
14000 68552229 
14000 68568753 
14250 68584968 
14250 68600930 
14250 68616645 
14500 68632205 
14500 68647403 
14750 68662488 
14750 68677292 
15000 68691937 
15250 68706370 
15250 68720536 
15500 68734538 
15500 68748352 
15750 68762001 
15750 68775467 
16000 68788799 
16250 68801927 
16250 68814875 
16500 68827597 
16500 68840233 
16750 68852678 
16750 68865030 
17000 68877149 
17250 68889182 
17250 68901182 
17500 68912978 
17750 68924583 
17750 68936110 
18000 68947508 
18000 68958826 
18250 68969946 
18500 68980956 
18500 68991835 
18750 69002624 
19000 69013328 
19000 69023967 
19250 69034423 
19500 69044803 
19500 69055031 
19750 69065203 
20000 69075273 
20000 69085190 
20250 69095173 
20500 69105108 
20500 69124861 
20500 69164120 
20000 69242420 
19000 69398889 
18000 69555372 
17250 69690784 
16500 69810032 
16000 69916644 
15500 70013027 
15000 70101001 
14500 70181809 
14250 70256631 
14000 70326320 
13750 70391476 
13500 70452653 
13250 70510389 
13000 70564914 
12750 70616708 
12500 70666017 
12500 70713007 
12250 70757882 
12250 70800826 
12250 70841995 
12250 70881546 
12000 70919500 
12000 70956287 
12000 70991704 
12000 71025914 
12000 71059064 
12000 71091110 
12000 71122153 
12000 71152266 
12000 71181555 
12000 71209956 
12000 71237663 
12250 71264620 
12250 71290880 
12250 71316390 
12250 71341397 
12250 71365753 
12500 71389557 
12500 71412814 
12500 71435506 
12750 71457744 
12750 71479490 
12750 71500820 
13000 71521684 
13000 71542182 
13000 71562183 
13250 71581868 
13250 71601170 
13250 71620052 
13500 71638644 
13500 71656865 
13500 71674800 
13750 71692393 
13750 71709723 
14000 71726797 
14000 71743573 
14250 71760067 
14250 71776296 
14500 71792271 
14500 71808002 
14750 71823460 
14750 71838712 
15000 71853781 
15000 71868602 
15250 71883231 
15250 71897644 
15500 71911825 
15500 71925837 
15750 71939655 
15750 71953315 
16000 71966790 
16000 71980086 
16250 71993208 
16500 72006185 
16500 72018913 
16750 72031541 
16750 72044018 
17000 72056327 
17250 72068507 
17250 72080584 
17500 72092496 
17500 72104270 
17750 72115900 
18000 72127422 
18000 72138820 
18250 72150095 
18500 72161291 
18500 72172277 
18750 72183187 
19000 72193990 
19000 72204684 
19250 72215184 
19500 72225666 
19500 72235983 
19750 72246247 
20000 72256334 
20000 72266436 
20250 72276498 
20500 72286515 
20500 72306439 
20500 72346068 
20000 72425171 
19000 72583204 
18250 72741203 
17250 72877692 
16500 72997854 
16000 73105176 
15500 73202135 
15000 73290611 
14500 73371835 
14000 73447021 
13750 73516983 
13500 73582432 
13250 73643798 
13000 73701695 
13000 73756480 
12750 73808389 
12750 73857757 
12500 73904810 
12500 73949766 
12250 73992842 
12250 74034114 
12250 74073803 
12250 74111943 
12250 74148733 
12000 74184245 
12000 74218454 
12000 74251577 
12000 74283726 
12000 74314845 
12000 74345030 
12000 74374363 
12000 74402873 
12000 74430591 
12000 74457600 
12250 74483912 
12250 74509542 
12250 74534552 
12250 74558925 
12250 74582748 
12500 74606034 
12500 74628687 
12500 74651030 
12500 74672784 
12750 74694171 
12750 74715059 
12750 74735525 
13000 74755621 
13000 74775251 
13000 74794442 
13250 74813438 
13250 74831988 
13250 74850240 
13500 74868238 
13500 74885976 
13750 74903239 
13750 74920304 
14000 74937028 
14000 74953546 
14250 74969731 
14250 74985708 
14500 75001400 
14500 75016909 
14750 75032249 
14750 75047198 
15000 75062049 
15000 75076675 
15250 75091096 
15250 75105324 
15500 75119291 
15500 75133106 
15750 75146760 
15750 75160237 
16000 75173598 
16250 75186693 
16250 75199601 
16500 75212409 
16500 75225060 
16750 75237547 
17000 75249895 
17000 75262124 
17250 75274209 
17250 75286141 
17500 75297893 
17750 75309549 
17750 75321080 
18000 75332475 
18000 75343682 
18250 75354828 
18500 75365805 
18500 75376774 
18750 75387541 
19000 75398249 
19000 75408841 
19250 75419267 
19500 75429629 
19500 75439883 
19750 75450067 
20000 75460141 
20000 75470092 
20250 75480037 
20500 75490043 
20500 75509812 
20500 75549114 
20000 75627448 
19000 75784040 
18250 75940568 
17250 76075969 
16750 76195310 
16000 76301948 
15500 76398367 
15000 76486235 
14500 76567128 
14250 76641967 
14000 76711595 
13750 76776780 
13500 76837957 
13250 76895663 
13000 76950249 
13000 77002036 
12750 77051261 
12750 77098212 
12500 77143101 
12500 77186066 
12500 77227216 
12250 77266750 
12250 77304906 
12250 77341680 
12250 77377097 
12250 77411251 
12250 77444407 
12250 77476412 
12250 77507448 
12250 77537635 
12250 77566882 
12250 77595368 
12250 77623005 
12250 77649974 
12250 77676230 
12250 77701773 
12250 77726682 
12500 77751131 
12500 77774954 
12500 77798204 
12500 77820893 
12750 77843159 
12750 77864910 
12750 77886289 
13000 77907154 
13000 77927568 
13000 77947650 
13250 77967282 
13250 77986556 
13250 78005488 
13500 78024066 
13500 78042252 
13500 78060203 
13750 78077841 
13750 78095171 
14000 78112186 
14000 78128927 
14250 78145462 
14250 78161607 
14500 78177596 
14500 78193352 
14750 78208837 
14750 78224096 
15000 78239137 
15000 78253981 
15250 78268595 
15500 78283020 
15500 78297224 
15750 78311284 
15750 78325127 
16000 78338755 
16000 78352237 
16250 78365549 
16500 78378662 
16500 78391642 
16750 78404398 
16750 78417040 
17000 78429594 
17250 78441905 
17250 78454095 
17500 78466086 
17500 78478019 
17750 78489790 
18000 78501440 
18000 78512966 
18250 78524310 
18500 78535619 
18500 78546648 
18750 78557747 
19000 78568634 
19000 78579446 
19250 78590128 
19250 78600730 
19500 78611159 
19750 78621560 
19750 78631803 
20000 78641961 
20250 78651946 
20250 78662014 
20500 78681952 
20500 78721587 
20000 78800693 
19000 78958746 
17750 79116767 
17000 79253279 
16250 79373441 
15750 79480745 
15250 79577681 
14750 79666149 
14500 79747377 
14000 79822577 
13750 79892551 
13500 79957999 
13250 80019396 
13000 80077300 
12750 80132025 
12750 80183954 
12500 80233312 
12500 80280407 
12250 80325394 
12250 80368410 
12000 80409716 
12000 80449324 
12000 80487495 
11750 80524294 
11750 80559822 
11750 80594133 
11750 80627296 
11750 80659374 
11750 80690489 
11750 80720623 
11750 80749936 
11750 80778507 
12000 80806181 
12000 80833175 
12000 80859454 
12000 80885094 
12000 80910131 
12000 80934514 
12250 80958358 
12250 80981636 
12250 81004400 
12250 81026614 
12500 81048432 
12500 81069805 
12500 81090685 
12750 81111121 
12750 81131242 
12750 81150970 
13000 81170246 
13000 81189224 
13000 81207795 
13250 81226134 
13250 81244064 
13500 81261670 
13500 81279008 
13500 81296088 
13750 81312806 
13750 81329320 
14000 81345593 
14000 81361571 
14250 81377380 
14250 81392895 
14500 81408136 
14500 81423268 
14750 81438026 
15000 81452658 
15000 81467016 
15250 81481297 
15250 81495363 
15500 81509226 
15500 81522842 
15750 81536377 
15750 81549699 
16000 81562801 
16250 81575774 
16250 81588594 
16500 81601244 
16500 81613683 
16750 81626049 
17000 81638233 
17000 81650289 
17250 81662240 
17250 81674036 
17500 81685629 
17750 81697166 
17750 81708556 
18000 81719793 
18250 81730978 
18250 81742020 
18500 81752930 
18750 81763752 
18750 81774463 
19000 81784972 
19000 81795460 
19250 81805832 
19500 81816113 
19500 81826263 
19750 81836442 
20000 81846340 
20000 81856289 
20250 81866197 
20500 81876026 
20500 81895529 
20500 81934570 
20000 82012159 
19000 82167299 
18000 82322400 
17250 82456632 
16500 82575143 
16000 82680992 
15500 82776870 
15250 82864385 
14750 82944803 
14500 83019349 
14000 83088648 
13750 83153552 
13500 83214605 
13250 83272050 
13250 83326504 
13000 83378168 
12750 83427258 
12750 83474086 
12500 83518828 
12500 83561747 
12250 83602880 
12250 83642387 
12250 83680363 
12250 83717016 
12250 83752471 
12250 83786686 
12250 83819699 
12250 83851755 
12250 83882789 
12250 83912884 
12250 83942118 
12250 83970518 
12250 83998077 
12250 84025043 
12250 84051252 
12500 84076754 
12500 84101742 
12500 84126095 
12500 84149793 
12750 84173086 
12750 84195812 
12750 84218026 
12750 84239788 
13000 84261037 
13000 84281873 
13000 84302241 
13250 84322301 
13250 84341924 
13250 84361187 
13500 84380112 
13500 84398693 
13750 84416904 
13750 84434873 
13750 84452397 
14000 84469723 
14000 84486777 
14250 84503517 
14250 84519960 
14500 84536150 
14500 84552172 
14750 84567928 
14750 84583359 
15000 84598636 
15000 84613662 
15250 84628423 
15250 84643053 
15500 84657490 
15500 84671729 
15750 84685736 
15750 84699466 
16000 84713106 
16000 84726526 
16250 84739819 
16500 84752963 
16500 84765953 
16750 84778772 
16750 84791325 
17000 84803750 
17250 84816092 
17250 84828186 
17500 84840250 
17500 84852166 
17750 84863937 
18000 84875584 
18000 84887009 
18250 84898448 
18500 84909708 
18500 84920850 
18750 84931871 
19000 84942786 
19000 84953540 
19250 84964218 
19500 84974793 
19500 84985253 
19750 84995583 
20000 85005839 
20000 85016007 
20250 85026159 
20500 85036325 
20500 85056421 
20500 85096492 
20000 85176377 
19000 85335755 
18000 85495255 
17250 85632878 
16500 85753871 
16000 85861855 
15250 85959296 
15000 86048191 
14500 86129878 
14000 86205318 
13750 86275597 
13500 86341211 
13250 86402824 
13000 86460891 
12750 86515794 
12750 86567849 
12500 86617336 
12500 86664620 
12250 86709620 
12250 86752874 
12250 86794221 
12250 86834003 
12000 86872265 
12000 86909090 
12000 86944640 
12000 86979062 
12000 87012322 
12000 87044515 
12000 87075712 
12000 87105995 
12000 87135357 
12000 87163885 
12000 87191685 
12000 87218796 
12000 87245127 
12000 87270801 
12250 87295817 
12250 87320181 
12250 87344073 
12250 87367310 
12500 87390123 
12500 87412401 
12500 87434238 
12500 87455600 
12750 87476525 
12750 87497036 
12750 87517108 
13000 87536786 
13000 87556053 
13000 87574961 
13250 87593540 
13250 87611747 
13500 87629651 
13500 87647201 
13750 87664502 
13750 87681549 
13750 87698256 
14000 87714751 
14000 87731059 
14250 87747143 
14250 87762790 
14500 87778284 
14500 87793475 
14750 87808437 
14750 87823262 
15000 87837763 
15250 87852192 
15250 87866311 
15500 87880298 
15500 87894113 
15750 87907726 
15750 87921112 
16000 87934431 
16000 87947529 
16250 87960419 
16500 87973257 
16500 87985875 
16750 87998362 
16750 88010661 
17000 88022800 
17250 88034760 
17250 88046644 
17500 88058345 
17500 88069886 
17750 88081336 
18000 88092701 
18000 88103898 
18250 88114984 
18500 88125971 
18500 88136830 
18750 88147652 
18750 88158355 
19000 88168949 
19250 88179395 
19250 88189755 
19500 88200037 
19750 88210219 
19750 88220242 
20000 88230166 
20250 88240060 
20250 88249982 
20500 88269533 
20500 88308462 
20000 88386201 
19000 88541252 
18000 88696315 
17250 88830722 
16500 88949186 
16000 89055164 
15500 89151084 
15000 89238542 
14750 89319025 
14250 89393579 
14000 89462944 
13750 89527893 
13500 89588890 
13250 89646389 
13000 89700850 
12750 89752443 
12750 89801492 
12500 89848415 
12500 89893213 
12500 89935935 
12250 89977080 
12250 90016602 
12250 90054591 
12250 90091259 
12250 90126448 
12250 90160690 
12250 90193762 
12250 90225793 
12250 90256794 
12250 90286892 
12250 90316150 
12250 90344574 
12250 90372160 
12250 90399074 
12250 90425300 
12500 90450917 
12500 90475779 
12500 90500124 
12500 90523885 
12500 90547096 
12750 90569832 
12750 90591987 
12750 90613706 
13000 90634959 
13000 90655781 
13000 90676198 
13250 90696272 
13250 90715920 
13250 90735225 
13500 90754160 
13500 90772752 
13500 90790972 
13750 90808907 
13750 90826502 
14000 90843845 
14000 90860878 
14250 90877573 
14250 90894137 
14500 90910437 
14500 90926388 
14500 90942140 
14750 90957719 
14750 90973043 
15000 90988116 
15250 91002812 
15250 91017476 
15500 91031852 
15500 91046068 
15750 91060075 
15750 91073900 
16000 91087525 
16000 91100925 
16250 91114234 
16250 91127294 
16500 91140362 
16750 91153153 
16750 91165773 
17000 91178222 
17250 91190566 
17250 91202758 
17500 91214733 
17500 91226531 
17750 91238313 
18000 91249989 
18000 91261527 
18250 91272924 
18500 91284179 
18500 91295330 
18750 91306297 
19000 91317210 
19000 91328031 
19250 91338718 
19500 91349247 
19500 91359729 
19750 91370047 
20000 91380355 
20000 91390504 
20250 91400680 
20500 91410841 
20500 91430841 
20500 91470906 
20000 91550837 
19000 91710362 
18000 91869836 
17250 92007455 
16500 92128451 
15750 92236474 
15250 92333999 
14750 92422923 
14250 92504518 
14000 92579929 
13750 92650282 
13500 92715917 
13250 92777551 
13000 92835653 
12750 92890489 
12750 92942607 
12500 92992103 
12500 93039266 
12250 93084388 
12250 93127473 
12250 93168781 
12000 93208609 
12000 93246917 
12000 93283757 
12000 93319335 
12000 93353670 
12000 93386886 
11750 93419017 
11750 93450156 
11750 93480431 
12000 93509877 
12000 93538365 
12000 93566190 
12000 93593206 
12000 93619489 
12000 93645093 
12000 93670114 
12000 93694583 
12250 93718454 
12250 93741718 
12250 93764556 
12250 93786837 
12500 93808589 
12500 93830059 
12500 93851049 
12750 93871524 
12750 93891584 
13000 93911294 
13000 93930598 
13000 93949611 
13250 93968184 
13250 93986492 
13500 94004459 
13500 94022141 
13750 94039448 
13750 94056493 
14000 94073316 
14000 94089849 
14000 94106107 
14250 94122129 
14250 94137866 
14500 94153401 
14500 94168702 
14750 94183799 
14750 94198599 
15000 94213244 
15000 94227717 
15250 94241919 
15500 94255957 
15500 94269768 
15750 94283457 
15750 94296953 
16000 94310266 
16000 94323427 
16250 94336340 
16250 94349191 
16500 94361843 
16750 94374340 
16750 94386750 
17000 94398949 
17000 94410952 
17250 94422903 
17500 94434690 
17500 94446380 
17750 94457875 
18000 94469273 
18000 94480488 
18250 94491711 
18250 94502710 
18500 94513625 
18750 94524499 
18750 94535104 
19000 94545708 
19250 94556167 
19250 94566558 
19500 94576838 
19750 94587017 
19750 94597093 
20000 94607073 
20250 94616956 
20250 94626802 
20500 94646284 
20250 94685308 
20000 94762990 
19000 94918133 
18000 95073227 
17250 95207519 
16500 95326024 
16000 95431945 
15500 95527791 
15000 95615321 
14750 95695795 
14250 95770360 
14000 95839723 
13750 95904618 
13500 95965587 
13250 96023137 
13000 96077531 
12750 96129126 
12750 96178198 
12500 96225036 
12500 96269728 
12500 96312596 
12250 96353645 
12250 96393118 
12250 96431118 
12250 96467757 
12250 96503045 
12250 96537238 
12250 96570256 
12250 96602284 
12250 96633280 
12250 96663367 
12250 96692559 
12250 96720978 
12250 96748561 
12250 96775441 
12250 96801656 
12500 96827209 
12500 96852135 
12500 96876499 
12500 96900215 
12500 96923423 
12750 96946143 
12750 96968319 
12750 96990076 
13000 97011349 
13000 97032129 
13000 97052555 
13250 97072506 
13250 97092168 
13250 97111431 
13500 97130342 
13500 97148838 
13500 97167151 
13750 97185067 
13750 97202649 
14000 97219906 
14000 97236916 
14250 97253651 
14250 97270104 
14500 97286290 
14500 97302222 
14750 97317936 
14750 97333411 
14750 97348652 
15000 97363637 
15250 97378472 
15250 97393057 
15500 97407466 
15500 97421663 
15750 97435629 
15750 97449492 
16000 97463100 
16000 97476505 
16250 97489826 
16250 97502936 
16500 97515824 
16750 97528614 
16750 97541263 
17000 97553747 
17000 97566174 
17250 97578332 
17500 97590365 
17500 97602290 
17750 97614056 
18000 97625651 
18000 97637160 
18250 97648522 
18250 97659759 
18500 97670865 
18750 97681825 
18750 97692767 
19000 97703533 
19250 97714219 
19250 97724769 
19500 97735240 
19750 97745636 
19750 97755904 
20000 97766082 
20250 97776113 
20250 97786145 
20500 97806082 
20250 97845668 
20000 97924765 
19000 98082661 
17750 98240566 
17000 98376948 
16500 98497065 
15750 98604282 
15250 98701245 
14750 98789553 
14500 98870849 
14000 98945987 
13750 99015893 
13500 99081289 
13250 99142758 
13000 99200599 
12750 99255291 
12750 99307243 
12500 99356616 
12500 99403698 
12250 99448656 
12250 99491682 
12000 99532903 
12000 99572574 
12000 99610787 
12000 99647532 
11750 99682921 
11750 99717257 
11750 99750467 
11750 99782554 
11750 99813682 
11750 99843839 
11750 99873236 
12000 99901702 
12000 99929415 
12000 99956430 
12000 99982674 
12000 100008275 
12250 100033292 
12250 100057685 
12250 100081513 
12250 100104847 
12250 100127616 
12500 100149907 
12500 100171684 
12500 100192990 
12750 100213876 
12750 100234295 
12750 100254365 
13000 100274088 
13000 100293329 
13000 100312269 
13250 100330889 
13250 100349187 
13500 100367197 
13500 100384837 
13500 100402146 
13750 100419221 
13750 100435929 
14000 100452439 
14000 100468684 
14250 100484692 
14250 100500451 
14500 100515847 
14500 100531135 
14750 100546238 
14750 100561061 
15000 100575679 
15000 100590048 
15250 100604336 
15250 100618295 
15500 100632160 
15500 100645864 
15750 100659297 
16000 100672598 
16000 100685665 
16250 100698646 
16250 100711407 
16500 100724107 
16500 100736577 
16750 100748955 
17000 100761104 
17000 100773070 
17250 100785084 
17500 100796862 
17500 100808413 
17750 100819918 
18000 100831370 
18000 100842649 
18250 100853738 
18250 100864703 
18500 100875660 
18750 100886420 
18750 100897124 
19000 100907600 
19250 100918091 
19250 100928451 
19500 100938659 
19750 100948820 
19750 100958858 
20000 100968741 
20250 100978607 
20250 100988401 
20500 101008001 
20500 101046898 
20000 101124535 
19000 101279571 
18000 101434540 
17250 101568781 
16500 101687220 
16000 101793083 
15250 101888926 
15000 101976335 
14500 102056917 
14250 102131394 
14000 102200794 
13750 102265663 
13500 102326606 
13250 102384167 
13000 102438521 
13000 102490076 
12750 102539174 
12750 102585924 
12500 102630498 
12500 102673356 
12500 102714465 
12250 102753957 
12250 102791984 
12250 102828571 
12250 102863958 
12250 102898123 
12000 102931089 
12000 102963104 
12000 102994116 
12000 103024243 
12000 103053443 
12250 103081904 
12250 103109440 
12250 103136309 
12250 103162542 
12250 103188160 
12250 103213080 
12250 103237399 
12500 103261180 
12500 103284382 
12500 103307012 
12500 103329221 
12750 103350953 
12750 103372137 
12750 103393025 
13000 103413497 
13000 103433521 
13000 103453150 
13250 103472431 
13250 103491280 
13500 103509868 
13500 103528108 
13500 103546096 
13750 103563704 
13750 103581009 
14000 103598044 
14000 103614757 
14250 103631243 
14250 103647485 
14500 103663474 
14500 103679104 
14500 103694551 
14750 103709883 
14750 103724831 
15000 103739667 
15250 103754277 
15250 103768715 
15500 103782930 
15500 103796895 
15750 103810786 
15750 103824396 
16000 103837856 
16000 103851141 
16250 103864251 
16500 103877202 
16500 103889993 
16750 103902460 
16750 103915009 
17000 103927321 
17000 103939427 
17250 103951550 
17500 103963407 
17500 103975195 
17750 103986854 
18000 103998317 
18000 104009760 
18250 104021078 
18500 104032236 
18500 104043135 
18750 104054020 
19000 104064826 
19000 104075503 
19250 104086037 
19250 104096506 
19500 104106750 
19750 104117033 
19750 104127173 
20000 104137217 
20250 104147195 
20250 104157194 
20500 104176864 
20500 104216108 
20000 104294453 
19000 104450828 
18000 104607203 
17000 104742496 
16500 104861678 
15750 104968195 
15250 105064536 
15000 105152365 
14500 105233210 
14250 105308034 
14000 105377682 
13750 105442789 
13500 105503932 
13250 105561643 
13000 105616083 
12750 105667867 
12750 105717127 
12500 105764053 
12500 105808939 
12250 105851920 
12250 105893084 
12000 105932737 
12000 105970855 
12000 106007432 
12000 106042863 
12000 106077030 
12000 106110171 
12000 106142232 
12000 106173298 
12000 106203450 
12000 106232683 
12000 106261186 
12000 106288810 
12000 106315701 
12000 106341934 
12000 106367569 
12250 106392502 
12250 106416822 
12500 106440621 
12500 106463913 
12500 106486656 
12500 106508910 
12750 106530676 
12750 106551936 
12750 106572846 
13000 106593320 
13000 106613345 
13000 106632911 
13250 106652251 
13250 106671145 
13500 106689761 
13500 106708013 
13750 106725957 
13750 106743567 
13750 106760983 
14000 106778050 
14000 106794804 
14250 106811302 
14250 106827531 
14500 106843393 
14500 106859135 
14750 106874525 
14750 106889769 
15000 106904808 
15000 106919610 
15250 106934307 
15250 106948720 
15500 106962934 
15500 106976954 
15750 106990754 
15750 107004436 
16000 107017947 
16250 107031186 
16250 107044245 
16500 107057158 
16500 107070000 
16750 107082586 
16750 107095097 
17000 107107406 
17250 107119562 
17250 107131633 
17500 107143517 
17500 107155298 
17750 107166963 
18000 107178476 
18000 107189887 
18250 107201139 
18500 107212275 
18500 107223307 
18750 107234182 
19000 107244956 
19000 107255611 
19250 107266166 
19250 107276674 
19500 107287082 
19750 107297357 
19750 107307523 
20000 107317547 
20250 107327446 
20250 107337463 
20500 107357240 
20500 107396544 
20000 107474836 
19000 107631293 
18000 107787798 
17250 107923156 
16500 108042341 
16000 108148923 
15500 108245298 
15000 108333251 
14500 108414086 
14250 108488936 
14000 108558620 
13500 108623730 
13250 108684907 
13250 108742608 
13000 108797203 
12750 108848880 
12750 108898080 
12500 108945014 
12500 108989900 
12500 109032895 
12250 109073995 
12250 109113572 
12250 109151690 
12250 109188370 
12000 109223852 
12000 109258048 
12000 109291170 
12000 109323142 
12000 109354352 
12250 109384449 
12250 109413682 
12250 109442120 
12250 109469799 
12250 109496806 
12250 109523057 
12250 109548688 
12250 109573628 
12250 109597995 
12500 109621751 
12500 109645028 
12500 109667744 
12500 109689997 
12750 109711691 
12750 109732977 
12750 109753816 
13000 109774279 
13000 109794263 
13000 109813901 
13250 109833211 
13250 109852015 
13250 109871262 
13500 109888836 
13500 109906787 
13750 109924402 
13750 109941660 
14000 109958714 
14000 109975427 
14250 109991919 
14250 110008123 
14250 110024100 
14500 110039852 
14500 110055385 
14750 110070717 
14750 110085660 
15000 110100510 
15000 110115146 
15250 110129531 
15500 110143746 
15500 110157756 
15750 110171583 
15750 110185213 
16000 110198633 
16000 110211893 
16250 110225080 
16250 110237985 
16500 110250795 
16750 110263374 
16750 110275860 
17000 110288205 
17000 110300399 
17250 110312456 
17500 110324378 
17500 110336163 
17750 110347801 
17750 110359319 
18000 110370731 
18250 110381973 
18250 110393127 
18500 110404159 
18750 110415128 
18750 110425915 
19000 110436581 
19250 110447164 
19250 110457624 
19500 110467936 
19750 110478200 
19750 110488365 
20000 110498443 
20250 110508406 
20250 110518344 
20500 110538085 
20250 110577374 
20000 110655740 
19000 110812287 
18000 110968738 
17250 111104127 
16500 111223382 
16000 111329994 
15500 111426383 
15000 111514295 
14500 111595180 
14250 111670002 
14000 111739717 
13500 111804877 
13250 111866035 
13000 111923723 
13000 111978345 
12750 112030144 
12500 112079322 
12500 112126354 
12250 112171349 
12250 112214319 
12250 112255534 
12000 112295230 
12000 112333211 
12000 112369880 
12000 112405308 
12000 112439468 
12000 112472573 
12000 112504634 
12000 112535709 
12000 112565905 
12000 112595245 
12000 112623724 
12000 112651428 
12000 112678386 
12000 112704671 
12000 112730242 
12000 112755242 
12250 112779611 
12250 112803466 
12250 112826705 
12250 112849349 
12500 112871639 
12500 112893399 
12500 112914640 
12500 112935581 
12750 112955996 
12750 112975949 
13000 112995653 
13000 113014940 
13000 113033904 
13250 113052455 
13250 113070701 
13250 113088666 
13500 113106212 
13500 113123570 
13750 113140607 
13750 113157425 
14000 113173863 
14000 113190162 
14250 113206141 
14250 113221844 
14500 113237339 
14500 113252657 
14750 113267690 
14750 113282534 
15000 113297149 
15000 113311510 
15250 113325712 
15250 113339733 
15500 113353557 
15500 113367203 
15750 113380672 
15750 113393994 
16000 113407080 
16250 113420101 
16250 113432844 
16500 113445498 
16500 113457988 
16750 113470320 
17000 113482514 
17000 113494565 
17250 113506458 
17250 113518134 
17500 113529776 
17750 113541329 
17750 113552698 
18000 113563967 
18000 113575334 
18250 113586081 
18500 113597004 
18500 113607756 
18750 113618443 
19000 113629007 
19000 113639371 
19250 113649719 
19500 113659957 
19500 113670115 
19750 113680122 
20000 113690065 
20000 113699963 
20250 113709876 
20500 113719748 
20500 113739243 
20500 113778163 
20000 113855781 
19000 114010639 
18000 114165693 
17250 114299851 
16500 114418237 
16000 114524080 
15500 114619916 
15000 114707275 
14750 114787717 
14250 114862112 
14000 114931403 
13750 114996192 
13500 115057033 
13250 115114454 
13000 115168766 
13000 115220341 
12750 115269365 
12750 115316126 
12500 115360808 
12500 115403511 
12250 115444556 
12250 115484075 
12250 115522036 
12250 115558689 
12250 115593999 
12250 115628069 
12000 115661000 
12000 115692943 
12000 115723948 
12000 115754047 
12066 115783128 
