0 12 
2010 90309 
1785 91024 
1782 91759 
1758 92485 
1735 93238 
1712 93992 
1690 94735 
1667 95484 
1644 96240 
1621 97007 
1599 97780 
1576 98564 
1553 99354 
1530 100156 
1508 100967 
1485 101787 
1462 102618 
1440 103467 
1417 104312 
1394 105180 
1371 106056 
1349 106935 
1326 107826 
1303 108730 
1280 109655 
1258 110590 
1235 111534 
1212 112493 
1190 113470 
1167 114471 
1144 115478 
1121 116501 
1099 117541 
1076 118599 
1053 119678 
1030 120778 
1008 121903 
985 123045 
962 124211 
940 125409 
917 126632 
894 127876 
871 129139 
849 130434 
826 131762 
803 133120 
780 134513 
758 135968 
735 137468 
712 139012 
690 140597 
667 142234 
644 143905 
621 145624 
599 147438 
576 149313 
553 151256 
530 153269 
508 155321 
485 157496 
462 159763 
440 162131 
417 164571 
394 167172 
371 169920 
349 172815 
326 175857 
303 179088 
280 182557 
258 186291 
235 190338 
212 194793 
190 199698 
167 205167 
144 211351 
121 218455 
99 226870 
76 237167 
53 250463 
30 269326 
8 301874 
0 423983 
0 514263 
0 604499 
0 694718 
0 784929 
0 875165 
0 965346 
0 1055575 
0 1145779 
0 1235986 
0 1326202 
0 1416461 
0 1506683 
0 1596890 
0 1687096 
0 1777304 
0 1867518 
0 1957711 
0 2047896 
0 2138106 
0 2228301 
0 2318513 
0 2408726 
0 2498935 
0 2589146 
0 2679356 
0 2769524 
0 2859730 
0 2949938 
0 3040113 
0 3130283 
0 3220492 
0 3310672 
0 3400864 
0 3491073 
0 3581279 
0 3671485 
35 3761693 
82 3790281 
78 3802572 
53 3815598 
55 3834463 
30 3852545 
33 3885321 
32 3915620 
33 3946090 
32 3976565 
33 4007075 
32 4037586 
33 4068095 
32 4098611 
33 4129122 
32 4159598 
33 4190062 
32 4220572 
33 4251089 
32 4281604 
33 4312133 
33 4342614 
33 4373140 
33 4403674 
33 4434124 
33 4464645 
33 4495158 
33 4525671 
33 4556154 
33 4586633 
33 4617146 
33 4647664 
33 4678206 
33 4708775 
33 4739304 
33 4769848 
33 4800361 
33 4830840 
33 4861350 
33 4891858 
33 4922338 
33 4952869 
33 4983403 
33 5013922 
33 5044432 
33 5074945 
33 5105452 
33 5135959 
33 5166437 
33 5196948 
33 5227460 
33 5257942 
33 5288451 
33 5318964 
33 5349412 
33 5379929 
33 5410416 
33 5440925 
33 5471367 
33 5501910 
33 5532437 
33 5562957 
33 5593452 
33 5623989 
33 5654469 
33 5684981 
33 5715494 
33 5746006 
33 5776448 
33 5806934 
33 5837413 
33 5867926 
33 5898438 
33 5928951 
33 5959486 
33 5990019 
33 6020578 
33 6051131 
33 6081656 
33 6112168 
33 6142696 
33 6173209 
33 6203747 
33 6234280 
33 6264745 
33 6295209 
33 6325749 
33 6356292 
33 6386807 
33 6417318 
33 6447829 
33 6478343 
33 6508856 
33 6539369 
33 6569886 
33 6600414 
33 6630901 
33 6661384 
33 6691908 
33 6722424 
33 6752887 
33 6783408 
33 6813926 
33 6844445 
33 6874957 
33 6905485 
33 6935980 
33 6966518 
33 6997038 
33 7027554 
33 7058056 
33 7088572 
33 7119111 
33 7149650 
33 7180184 
33 7210733 
33 7241256 
33 7271786 
33 7302273 
33 7332780 
33 7363283 
33 7393733 
33 7424248 
33 7454713 
33 7485193 
33 7515704 
33 7546234 
33 7576724 
33 7607232 
33 7637746 
33 7668266 
33 7698786 
33 7729307 
33 7759750 
33 7790254 
33 7820767 
33 7851257 
33 7881778 
33 7912297 
33 7942782 
33 7973303 
33 8003820 
33 8034276 
33 8064765 
33 8095282 
33 8125817 
33 8156350 
33 8186817 
33 8217330 
33 8247847 
33 8278362 
33 8308871 
33 8339351 
33 8369862 
33 8400372 
33 8430892 
33 8461412 
33 8491924 
33 8522435 
33 8552951 
33 8583441 
33 8613987 
33 8644508 
33 8675023 
33 8705535 
33 8736054 
33 8766527 
33 8797040 
33 8827554 
33 8857985 
33 8888498 
33 8919008 
33 8949519 
33 8979996 
33 9010507 
33 9041019 
33 9071538 
33 9102036 
33 9132547 
33 9163066 
33 9193580 
33 9224091 
33 9254603 
33 9285084 
33 9315592 
33 9346052 
33 9376534 
33 9407043 
33 9437555 
33 9468064 
33 9498537 
33 9529045 
33 9559522 
33 9589987 
33 9620501 
33 9650993 
33 9681503 
33 9712011 
33 9742486 
33 9772998 
33 9803507 
33 9834018 
33 9864496 
33 9895006 
33 9925514 
33 9956022 
33 9986502 
33 10016948 
33 10047455 
33 10077968 
33 10108480 
33 10138990 
33 10169503 
33 10200015 
33 10230542 
33 10261037 
33 10291550 
33 10321997 
33 10352509 
33 10383035 
33 10413549 
33 10444061 
33 10474540 
33 10505053 
33 10535562 
33 10566076 
33 10596591 
33 10627115 
33 10657643 
33 10688157 
33 10718637 
33 10749181 
33 10779714 
33 10810210 
33 10840726 
33 10871244 
33 10901757 
33 10932236 
33 10962754 
33 10993270 
33 11023783 
33 11054267 
33 11084781 
33 11115299 
33 11145824 
33 11176343 
33 11206865 
33 11237379 
33 11267893 
33 11298413 
33 11328939 
33 11359476 
33 11390029 
33 11420526 
33 11451042 
33 11481553 
33 11512079 
33 11542574 
33 11573118 
33 11603640 
33 11634129 
33 11664628 
33 11695170 
33 11725694 
33 11756172 
33 11786681 
33 11817194 
33 11847673 
33 11878154 
33 11908671 
33 11939184 
33 11969720 
33 12000244 
33 12030769 
33 12061286 
33 12091812 
33 12122357 
33 12152902 
33 12183447 
33 12213996 
33 12244504 
33 12275031 
33 12305545 
33 12336057 
33 12366595 
33 12397117 
33 12427649 
33 12458118 
33 12488642 
33 12519157 
33 12549667 
33 12580180 
33 12610692 
33 12641207 
33 12671737 
33 12702283 
33 12732804 
33 12763309 
33 12793816 
33 12824329 
33 12854826 
33 12885335 
33 12915845 
33 12946358 
33 12976875 
33 13007390 
33 13037913 
33 13068433 
33 13098952 
33 13129448 
33 13159988 
33 13190477 
33 13221015 
33 13251538 
33 13282078 
33 13312603 
33 13343129 
33 13373672 
33 13404207 
33 13434746 
33 13465293 
33 13495815 
33 13526293 
33 13556805 
33 13587336 
33 13617866 
33 13648400 
33 13678918 
33 13709426 
33 13739950 
33 13770397 
33 13800942 
33 13831491 
33 13862020 
33 13892536 
33 13923086 
33 13953615 
33 13984155 
33 14014641 
33 14045180 
33 14075691 
33 14106226 
33 14136741 
33 14167270 
33 14197807 
33 14228336 
33 14258874 
33 14289381 
33 14319871 
33 14350363 
33 14380880 
33 14411397 
33 14441916 
33 14472451 
33 14502967 
33 14533499 
33 14564042 
33 14594566 
33 14625078 
33 14655591 
33 14686125 
33 14716654 
33 14747187 
33 14777647 
33 14808152 
33 14838665 
33 14869176 
33 14899685 
33 14930131 
33 14960630 
33 14991140 
33 15021654 
33 15052167 
33 15082681 
33 15113193 
33 15143705 
33 15174218 
33 15204730 
33 15235245 
33 15265758 
33 15296270 
33 15326756 
33 15357270 
33 15387786 
33 15418318 
33 15448837 
33 15479352 
33 15509826 
33 15540391 
33 15570917 
33 15601467 
33 15632016 
33 15662526 
33 15693052 
33 15723579 
33 15754087 
33 15784638 
33 15815138 
33 15845661 
33 15876152 
33 15906631 
33 15937143 
33 15967666 
33 15998205 
33 16028775 
33 16059270 
33 16089801 
33 16120315 
33 16150828 
33 16181340 
33 16211886 
33 16242452 
33 16273024 
33 16303601 
33 16334092 
33 16364639 
33 16395163 
33 16425721 
33 16456240 
33 16486811 
33 16517380 
33 16547927 
33 16578456 
33 16609025 
33 16639529 
33 16670065 
33 16700627 
33 16731159 
33 16761626 
33 16792111 
33 16822629 
33 16853142 
33 16883658 
33 16914173 
33 16944685 
33 16975197 
33 17005685 
33 17036179 
33 17066688 
33 17097204 
33 17127709 
33 17158200 
33 17188732 
33 17219267 
33 17249799 
33 17280339 
33 17310865 
33 17341395 
33 17371936 
33 17402467 
33 17433013 
33 17463534 
33 17494073 
33 17524587 
33 17555104 
33 17585619 
33 17616142 
33 17646660 
33 17677150 
33 17707673 
33 17738185 
33 17768658 
33 17799162 
33 17829687 
33 17860201 
33 17890698 
33 17921224 
33 17951731 
33 17982196 
33 18012718 
33 18043245 
33 18073771 
33 18104252 
33 18134786 
33 18165309 
33 18195844 
33 18226370 
33 18256898 
33 18287396 
33 18317875 
33 18348403 
33 18378932 
33 18409429 
33 18439957 
33 18470486 
33 18501001 
33 18531539 
33 18562066 
33 18592586 
33 18623100 
33 18653592 
33 18684134 
33 18714632 
33 18745159 
33 18775629 
33 18806137 
33 18836656 
33 18867179 
33 18897697 
33 18928214 
33 18958749 
33 18989269 
33 19019793 
33 19050310 
33 19080811 
33 19111323 
33 19141840 
33 19172358 
33 19202869 
33 19233394 
33 19263862 
33 19294296 
33 19324717 
33 19355155 
33 19385594 
33 19416013 
33 19446448 
33 19476878 
33 19507320 
33 19537741 
33 19568204 
33 19598633 
33 19629069 
33 19659533 
33 19689990 
33 19720479 
33 19750923 
33 19781351 
33 19811847 
33 19842311 
33 19872838 
33 19903300 
33 19933793 
33 19964322 
33 19994802 
33 20025329 
33 20055857 
33 20086399 
33 20116971 
33 20147562 
33 20178093 
33 20208593 
33 20239050 
33 20269505 
33 20299942 
33 20330377 
33 20360858 
33 20391311 
33 20421747 
33 20452218 
33 20482675 
33 20513134 
33 20543612 
33 20574125 
33 20604631 
33 20635107 
33 20665544 
33 20696016 
33 20726468 
33 20756923 
33 20787377 
33 20817851 
33 20848287 
33 20878770 
33 20909291 
33 20939802 
33 20970280 
33 21000790 
33 21031307 
33 21061822 
33 21092338 
33 21122853 
33 21153312 
33 21183750 
33 21214197 
33 21244643 
33 21275079 
33 21305516 
33 21335953 
33 21366390 
33 21396825 
33 21427296 
33 21457811 
33 21488273 
33 21518705 
33 21549127 
33 21579547 
33 21609966 
33 21640386 
33 21670804 
33 21701225 
33 21731645 
33 21762064 
33 21792486 
33 21822919 
33 21853424 
33 21883911 
33 21914422 
33 21944932 
33 21975449 
33 22005962 
33 22036478 
33 22066993 
33 22097505 
33 22128018 
33 22158534 
33 22189050 
33 22219566 
33 22249984 
33 22280499 
33 22311011 
33 22341525 
33 22372034 
33 22402514 
33 22433025 
33 22463539 
33 22494011 
33 22524541 
33 22555042 
33 22585562 
33 22616006 
33 22646433 
33 22676852 
33 22707272 
33 22737709 
33 22768143 
33 22798654 
33 22829174 
33 22859639 
33 22890095 
33 22920531 
33 22950988 
33 22981430 
33 23011881 
33 23042348 
33 23072787 
33 23103222 
33 23133657 
33 23164103 
33 23194524 
33 23224970 
33 23255412 
33 23285833 
33 23316255 
33 23346756 
33 23377261 
33 23407770 
33 23438220 
33 23468735 
33 23499185 
33 23529662 
33 23560122 
33 23590615 
33 23621098 
33 23651578 
33 23682085 
33 23712529 
33 23742959 
33 23773379 
33 23803799 
33 23834298 
33 23864809 
33 23895286 
33 23925765 
33 23956282 
33 23986808 
33 24017331 
33 24047845 
33 24078309 
33 24108781 
33 24139290 
33 24169803 
33 24200316 
33 24230828 
33 24261334 
33 24291856 
33 24322339 
33 24352853 
33 24383362 
33 24413878 
33 24444394 
33 24474906 
33 24505429 
33 24535953 
33 24566479 
33 24596994 
33 24627513 
33 24658031 
33 24688551 
33 24719075 
33 24749556 
33 24780057 
33 24810542 
33 24841064 
33 24871579 
33 24902094 
33 24932604 
33 24963124 
33 24993641 
33 25024175 
33 25054744 
33 25085300 
33 25115840 
33 25146328 
33 25176858 
33 25207436 
33 25238015 
33 25268603 
33 25299171 
33 25329738 
33 25360295 
33 25390830 
33 25421391 
33 25451962 
33 25482542 
33 25513093 
33 25543635 
33 25574101 
33 25604627 
33 25635138 
33 25665670 
33 25696215 
33 25726782 
33 25757310 
33 25787868 
33 25818434 
33 25848990 
33 25879569 
33 25910127 
33 25940652 
33 25971205 
33 26001762 
33 26032350 
33 26062942 
33 26093528 
33 26124099 
33 26154662 
33 26185196 
33 26215670 
33 26246137 
33 26276645 
33 26307159 
33 26337656 
33 26368152 
33 26398675 
33 26429199 
33 26459671 
33 26490187 
33 26520700 
33 26551209 
33 26581718 
33 26612229 
33 26642758 
33 26673323 
33 26703892 
33 26734437 
33 26764951 
33 26795490 
33 26825993 
33 26856558 
33 26887134 
33 26917705 
33 26948285 
33 26978872 
33 27009450 
33 27040015 
33 27070558 
33 27101081 
33 27131595 
33 27162106 
33 27192549 
33 27222993 
33 27253416 
33 27283847 
33 27314268 
33 27344686 
33 27375124 
33 27405562 
33 27436004 
33 27466423 
33 27496842 
33 27527280 
33 27557777 
33 27588286 
33 27618799 
33 27649310 
33 27679821 
33 27710332 
33 27740774 
33 27771229 
33 27801688 
33 27832168 
33 27862648 
33 27893160 
33 27923683 
33 27954197 
33 27984639 
33 28015064 
33 28045483 
33 28075910 
33 28106329 
33 28136748 
33 28167178 
33 28197679 
33 28228161 
33 28258670 
33 28289161 
33 28319673 
33 28350189 
33 28380703 
33 28411214 
33 28441725 
33 28472256 
33 28502781 
33 28533308 
33 28563841 
33 28594333 
33 28624866 
33 28655384 
33 28685965 
33 28716537 
33 28747101 
33 28777572 
33 28808132 
33 28838710 
33 28869252 
33 28899789 
33 28930317 
33 28960887 
33 28991453 
33 29021990 
33 29052527 
33 29083047 
33 29113564 
33 29144016 
33 29174510 
33 29205046 
33 29235613 
33 29266206 
33 29296782 
33 29327253 
33 29357764 
33 29388277 
33 29418788 
33 29449311 
33 29479828 
33 29510302 
33 29540812 
33 29571327 
33 29601839 
33 29632352 
33 29662840 
33 29693304 
33 29723807 
33 29754256 
33 29784766 
33 29815286 
33 29845738 
33 29876203 
33 29906687 
33 29937210 
33 29967739 
33 29998267 
33 30028759 
33 30059258 
33 30089770 
33 30120267 
33 30150777 
33 30181327 
33 30211858 
33 30242390 
33 30272967 
33 30303533 
33 30334089 
33 30364647 
33 30395192 
33 30425728 
33 30456279 
33 30486856 
33 30517443 
33 30548006 
33 30578508 
33 30609026 
33 30639574 
33 30670071 
33 30700643 
33 30731220 
33 30761737 
33 30792265 
33 30822825 
33 30853408 
33 30883907 
33 30914399 
33 30944928 
33 30975446 
33 31006010 
33 31036575 
33 31067148 
33 31097694 
33 31128253 
33 31158824 
33 31189378 
33 31219913 
33 31250441 
33 31280969 
33 31311499 
33 31342033 
33 31372554 
33 31403074 
33 31433603 
33 31464116 
33 31494636 
33 31525154 
33 31555670 
33 31586161 
33 31616670 
33 31647181 
33 31677690 
33 31708241 
33 31738784 
33 31769240 
33 31799722 
33 31830169 
33 31860683 
33 31891202 
33 31921749 
33 31952243 
33 31982773 
33 32013293 
33 32043805 
33 32074327 
33 32104866 
33 32135430 
33 32165946 
33 32196493 
33 32227036 
33 32257588 
33 32288172 
33 32318743 
33 32349322 
33 32379898 
33 32410398 
33 32440942 
33 32471466 
33 32501980 
33 32532520 
33 32563045 
33 32593555 
33 32624064 
33 32654542 
33 32685054 
33 32715564 
33 32746010 
33 32776498 
33 32806978 
33 32837453 
33 32867916 
33 32898372 
33 32928833 
33 32959288 
33 32989752 
33 33020311 
33 33050901 
33 33081457 
33 33112020 
33 33142568 
33 33173153 
33 33203701 
33 33234272 
33 33264842 
33 33295390 
33 33325873 
33 33356437 
33 33387000 
33 33417532 
33 33448093 
33 33478594 
33 33509113 
33 33539624 
33 33570150 
33 33600659 
33 33631230 
33 33661824 
33 33692385 
33 33722948 
33 33753411 
33 33783901 
33 33814471 
33 33845002 
33 33875533 
33 33906059 
33 33936571 
33 33967079 
33 33997641 
33 34028187 
33 34058687 
33 34089211 
33 34119765 
33 34150316 
33 34180831 
33 34211344 
33 34241833 
33 34272343 
33 34302850 
33 34333363 
33 34363876 
33 34394390 
33 34424912 
33 34455423 
33 34485988 
33 34516503 
33 34547014 
33 34577529 
33 34608057 
33 34638539 
33 34669048 
33 34699556 
33 34730068 
33 34760513 
33 34790960 
33 34821388 
33 34851890 
33 34882370 
33 34912882 
33 34943397 
33 34973917 
33 35004430 
33 35034959 
33 35065451 
33 35095963 
33 35126414 
33 35156930 
33 35187458 
33 35217977 
33 35248467 
33 35278984 
33 35309442 
33 35339890 
33 35370349 
33 35400856 
33 35431364 
33 35461876 
33 35492383 
33 35522898 
33 35553412 
33 35583926 
33 35614439 
33 35644952 
33 35675467 
33 35705978 
33 35736489 
33 35766952 
33 35797424 
33 35827946 
33 35858428 
33 35888987 
33 35919525 
33 35950041 
33 35980602 
33 36011187 
33 36041763 
33 36072302 
33 36102866 
33 36133431 
33 36163982 
33 36194566 
33 36225149 
33 36255702 
33 36286277 
33 36316843 
33 36347423 
33 36377998 
33 36408562 
33 36439130 
33 36469721 
33 36500256 
33 36530830 
33 36561410 
33 36591968 
33 36622514 
33 36653039 
33 36683606 
33 36714151 
33 36744712 
33 36775197 
33 36805741 
33 36836281 
33 36866823 
33 36897346 
33 36927899 
33 36958504 
33 36989077 
33 37019615 
33 37050182 
33 37080726 
33 37111254 
33 37141815 
33 37172420 
33 37203001 
33 37233557 
33 37264127 
33 37294671 
33 37325217 
33 37355752 
33 37386292 
33 37416833 
33 37447375 
33 37477956 
33 37508537 
33 37539092 
33 37569622 
33 37600128 
33 37630674 
33 37661204 
33 37691758 
33 37722289 
33 37752771 
33 37783332 
33 37813863 
33 37844404 
33 37874970 
33 37905515 
33 37936003 
33 37966568 
33 37997115 
33 38027632 
33 38058176 
33 38088726 
33 38119263 
33 38149792 
33 38180330 
33 38210876 
33 38241333 
33 38271844 
33 38302334 
33 38332857 
33 38363374 
33 38393932 
33 38424450 
33 38454968 
33 38485485 
33 38516011 
33 38546574 
33 38577102 
33 38607646 
33 38638175 
33 38668697 
33 38699261 
33 38729803 
33 38760253 
33 38790787 
33 38821346 
33 38851882 
33 38882450 
33 38913021 
33 38943503 
33 38974100 
33 39004658 
33 39035177 
33 39065722 
33 39096295 
33 39126800 
33 39157387 
33 39187949 
33 39218501 
33 39249073 
33 39279660 
33 39310178 
33 39340751 
33 39371288 
33 39401827 
33 39432359 
33 39462894 
33 39493406 
33 39523986 
33 39554489 
33 39584994 
33 39615529 
33 39646092 
33 39676631 
33 39707217 
33 39737787 
33 39768244 
33 39798767 
33 39829304 
33 39859825 
33 39890435 
33 39921017 
33 39951541 
33 39982057 
33 40012583 
33 40043036 
33 40073580 
33 40104140 
33 40134678 
33 40165246 
33 40195826 
33 40226354 
33 40256965 
33 40287550 
33 40318094 
33 40348642 
33 40379170 
33 40409733 
33 40440333 
33 40470915 
33 40501450 
33 40531976 
33 40562497 
33 40592973 
33 40623492 
33 40654050 
33 40684635 
33 40715200 
33 40745750 
33 40776249 
33 40806781 
33 40837317 
33 40867838 
33 40898322 
33 40928846 
33 40959300 
33 40989841 
33 41020400 
33 41050929 
33 41081446 
33 41112002 
33 41142532 
33 41173105 
33 41203692 
33 41234300 
33 41264870 
33 41295458 
33 41326025 
33 41356575 
33 41387093 
33 41417607 
33 41448126 
33 41478662 
33 41509218 
33 41539762 
33 41570245 
33 41600765 
33 41631304 
33 41661845 
33 41692350 
33 41722904 
33 41753378 
33 41783890 
33 41814402 
33 41844935 
33 41875497 
33 41905958 
33 41936440 
33 41966956 
33 41997469 
33 42027939 
33 42058464 
33 42089000 
33 42119473 
33 42150007 
33 42180566 
33 42211143 
33 42241710 
33 42272247 
33 42302820 
33 42333379 
33 42363943 
33 42394499 
33 42425057 
33 42455606 
33 42486075 
33 42516601 
33 42547164 
33 42577732 
33 42608269 
33 42638805 
33 42669321 
33 42699832 
33 42730346 
33 42760795 
33 42791298 
33 42821815 
33 42852342 
33 42882884 
33 42913420 
33 42943926 
33 42974456 
33 43004970 
33 43035483 
33 43066034 
33 43096558 
33 43127089 
33 43157673 
33 43188257 
33 43218836 
33 43249439 
33 43280009 
33 43310547 
33 43341152 
33 43371748 
33 43402248 
33 43432759 
33 43463282 
33 43493803 
33 43524284 
33 43554807 
33 43585367 
33 43615925 
33 43646429 
33 43676982 
33 43707542 
33 43738089 
33 43768568 
33 43799092 
33 43829616 
33 43860184 
33 43890694 
33 43921203 
33 43951722 
33 43982238 
33 44012754 
33 44043265 
33 44073783 
33 44104301 
33 44134817 
33 44165330 
33 44195841 
33 44226299 
33 44256824 
33 44287344 
33 44317859 
33 44348370 
33 44378886 
33 44409400 
33 44439911 
33 44470427 
33 44500939 
33 44531455 
33 44561995 
33 44592537 
33 44623094 
33 44653596 
33 44684125 
33 44714620 
33 44745148 
33 44775613 
33 44806141 
33 44836681 
33 44867240 
33 44897800 
33 44928359 
33 44958914 
33 44989483 
33 45019997 
33 45050489 
33 45081009 
33 45111540 
33 45141964 
33 45172479 
33 45203033 
33 45233549 
33 45264145 
33 45294708 
33 45325275 
33 45355850 
33 45386450 
33 45417044 
33 45447651 
33 45478243 
33 45508806 
33 45539377 
33 45569960 
33 45600515 
33 45631035 
33 45661547 
33 45692069 
33 45722592 
33 45753052 
33 45783585 
33 45814126 
33 45844647 
33 45875177 
33 45905707 
33 45936235 
33 45966751 
33 45997265 
33 46027815 
33 46058321 
33 46088849 
33 46119382 
33 46149904 
33 46180419 
33 46210934 
33 46241475 
33 46272011 
33 46302541 
33 46333068 
33 46363587 
33 46394111 
33 46424677 
33 46455217 
33 46485748 
33 46516275 
33 46546801 
33 46577322 
33 46607862 
33 46638352 
33 46668883 
33 46699404 
33 46729956 
33 46760444 
33 46790942 
33 46821511 
33 46851978 
33 46882401 
33 46912910 
33 46943385 
33 46973924 
33 47004462 
33 47034982 
33 47065504 
33 47096019 
33 47126465 
33 47156997 
33 47187514 
33 47217989 
33 47248534 
33 47279057 
33 47309515 
33 47340018 
33 47370499 
33 47401015 
33 47431499 
33 47462011 
33 47492523 
33 47523029 
33 47553541 
33 47584053 
33 47614534 
33 47645046 
33 47675556 
33 47706073 
33 47736595 
33 47767066 
33 47797532 
33 47828041 
33 47858591 
33 47889147 
33 47919623 
33 47950156 
33 47980684 
33 48011245 
33 48041834 
33 48072391 
33 48102926 
33 48133498 
33 48164067 
33 48194641 
33 48225219 
33 48255777 
33 48286309 
33 48316879 
33 48347455 
33 48378042 
33 48408587 
33 48439154 
33 48469738 
33 48500284 
33 48530801 
33 48561356 
33 48591951 
33 48622504 
33 48652992 
33 48683512 
33 48714076 
33 48744658 
33 48775159 
33 48805736 
33 48836309 
33 48866820 
33 48897378 
33 48927922 
33 48958452 
33 48989020 
33 49019586 
33 49050119 
33 49080634 
33 49111168 
33 49141728 
33 49172255 
33 49202781 
33 49233318 
33 49263844 
33 49294355 
33 49324892 
33 49355425 
33 49385950 
33 49416468 
33 49447023 
33 49477503 
33 49508012 
33 49538493 
33 49569009 
33 49599468 
33 49629987 
33 49660498 
33 49691032 
33 49721592 
33 49752120 
33 49782627 
33 49813090 
33 49843577 
33 49874091 
33 49904657 
33 49935251 
33 49965821 
33 49996362 
33 50026883 
33 50057403 
33 50087921 
33 50118445 
33 50148962 
33 50179514 
33 50210027 
33 50240541 
33 50271066 
33 50301598 
33 50332115 
33 50362599 
33 50393076 
33 50423610 
33 50454065 
33 50484590 
33 50515107 
33 50545619 
33 50576161 
33 50606728 
33 50637228 
33 50667745 
33 50698260 
33 50728797 
33 50759260 
33 50789825 
33 50820370 
33 50850887 
33 50881439 
33 50911975 
33 50942518 
33 50973051 
33 51003540 
33 51034063 
33 51064578 
33 51095110 
33 51125696 
33 51156254 
33 51186823 
33 51217382 
33 51247915 
33 51278471 
33 51309004 
33 51339524 
33 51369988 
33 51400498 
33 51431037 
33 51461566 
33 51492138 
33 51522711 
33 51553255 
33 51583788 
33 51614333 
33 51644850 
33 51675386 
33 51705904 
33 51736465 
33 51766932 
33 51797454 
33 51827971 
33 51858488 
33 51889016 
33 51919545 
33 51950073 
33 51980590 
33 52011109 
33 52041600 
33 52072129 
33 52102657 
33 52133186 
33 52163696 
33 52194221 
33 52224731 
33 52255252 
33 52285767 
33 52316300 
33 52346829 
33 52377355 
33 52407866 
33 52438345 
33 52468870 
33 52499379 
33 52529907 
33 52560419 
33 52590934 
33 52621439 
33 52651949 
33 52682458 
33 52712996 
33 52743513 
33 52773972 
33 52804485 
33 52835022 
33 52865569 
33 52896101 
33 52926600 
33 52957158 
33 52987688 
33 53018196 
33 53048772 
33 53079316 
33 53109781 
33 53140308 
33 53170824 
33 53201347 
33 53231861 
33 53262340 
33 53292914 
33 53323460 
33 53353998 
33 53384517 
33 53415032 
33 53445543 
33 53476008 
33 53506489 
33 53537024 
33 53567551 
33 53598064 
33 53628576 
33 53659033 
33 53689543 
33 53720083 
33 53750554 
33 53780987 
33 53811529 
33 53842012 
33 53872511 
33 53903052 
33 53933629 
33 53964216 
33 53994799 
33 54025343 
33 54055884 
33 54086409 
33 54116940 
33 54147477 
33 54178022 
33 54208539 
33 54239075 
33 54269598 
33 54300116 
33 54330644 
33 54361175 
33 54391707 
33 54422248 
33 54452784 
33 54483317 
33 54513855 
33 54544390 
33 54574925 
33 54605449 
33 54635994 
33 54666541 
33 54697089 
33 54727610 
33 54758052 
33 54788572 
33 54819105 
33 54849644 
33 54880181 
33 54910716 
33 54941239 
33 54971775 
33 55002274 
33 55032801 
33 55063330 
33 55093858 
33 55124396 
33 55154930 
33 55185468 
33 55215987 
33 55246526 
33 55277070 
33 55307614 
33 55338160 
33 55368705 
33 55399246 
33 55429798 
33 55460332 
33 55490873 
33 55521408 
33 55551926 
33 55582408 
33 55612934 
33 55643469 
33 55674004 
33 55704548 
33 55735072 
33 55765540 
33 55796013 
33 55826489 
33 55857000 
33 55887493 
33 55917985 
33 55948517 
33 55979050 
33 56009537 
33 56040069 
33 56070589 
33 56101160 
33 56131690 
33 56162218 
33 56192729 
33 56223267 
33 56253794 
33 56284333 
33 56314866 
33 56345402 
33 56375931 
33 56406485 
33 56437025 
33 56467560 
33 56498078 
33 56528623 
33 56559101 
33 56589612 
33 56620128 
33 56650614 
33 56681168 
33 56711712 
33 56742272 
33 56772747 
33 56803270 
33 56833835 
33 56864397 
33 56894966 
33 56925512 
33 56956052 
33 56986579 
33 57017110 
33 57047659 
33 57078133 
33 57108680 
33 57139207 
33 57169747 
33 57200273 
33 57230809 
33 57261332 
33 57291844 
33 57322384 
33 57352911 
33 57383423 
33 57413939 
33 57444473 
33 57475020 
33 57505552 
33 57536091 
33 57566580 
33 57597093 
33 57627606 
33 57658125 
33 57688689 
33 57719239 
33 57749758 
33 57780286 
33 57810791 
33 57841311 
33 57871830 
33 57902346 
33 57932883 
33 57963412 
33 57993949 
33 58024474 
33 58054993 
33 58085533 
33 58115993 
33 58146516 
33 58177045 
33 58207607 
33 58238183 
33 58268736 
33 58299261 
33 58329837 
33 58360423 
33 58390995 
33 58421591 
33 58452189 
33 58482769 
33 58513307 
33 58543851 
33 58574385 
33 58604869 
33 58635410 
33 58665951 
33 58696513 
33 58727060 
33 58757588 
33 58788140 
33 58818638 
33 58849171 
33 58879687 
33 58910204 
33 58940718 
33 58971232 
33 59001780 
33 59032331 
33 59062914 
33 59093455 
33 59124010 
33 59154553 
33 59185118 
33 59215688 
33 59246261 
33 59276808 
33 59307372 
33 59337958 
33 59368535 
33 59399105 
33 59429677 
33 59460253 
33 59490828 
33 59521373 
33 59551934 
33 59582502 
33 59613049 
33 59643570 
33 59674161 
33 59704732 
33 59735276 
33 59765741 
33 59796244 
33 59826777 
33 59857328 
33 59887881 
33 59918378 
33 59948907 
33 59979444 
33 60010371 
33 60040902 
33 60071450 
33 60101988 
33 60132528 
33 60163060 
33 60193601 
33 60224129 
33 60254674 
33 60285210 
33 60315731 
33 60346301 
33 60376851 
33 60407401 
33 60437976 
33 60468552 
33 60499096 
33 60529642 
33 60560198 
33 60590739 
33 60621310 
33 60651884 
33 60682444 
33 60712970 
33 60743510 
33 60773994 
33 60804551 
33 60835124 
33 60865697 
33 60896285 
33 60926843 
33 60957383 
33 60987900 
33 61018426 
33 61048945 
33 61079524 
33 61110021 
33 61140565 
33 61171135 
33 61201729 
33 61232314 
33 61262868 
33 61293442 
33 61324032 
33 61354562 
33 61385129 
33 61415700 
33 61446286 
33 61476859 
33 61507426 
33 61538004 
33 61568544 
33 61599113 
33 61629663 
33 61660206 
33 61690788 
33 61721364 
33 61751877 
33 61782357 
33 61812893 
33 61843466 
33 61874058 
33 61904633 
33 61935206 
33 61965798 
33 61996360 
33 62026888 
33 62057413 
33 62087980 
33 62118531 
33 62149066 
33 62179600 
33 62210170 
33 62240722 
33 62271239 
33 62301768 
33 62332297 
33 62362843 
33 62393382 
33 62423953 
33 62454541 
33 62485097 
33 62515592 
33 62546072 
33 62576621 
33 62607175 
33 62637743 
33 62668319 
33 62698868 
33 62729404 
33 62759870 
33 62790390 
33 62820916 
33 62851481 
33 62882042 
33 62912618 
33 62943129 
33 62973698 
33 63004265 
33 63034838 
33 63065406 
33 63095962 
33 63126512 
33 63157050 
33 63187609 
33 63218108 
33 63248683 
33 63279261 
33 63309842 
33 63340406 
33 63370963 
33 63401543 
33 63432091 
33 63462580 
33 63493087 
33 63523619 
33 63554201 
33 63584767 
33 63615324 
33 63645868 
33 63676342 
33 63706916 
33 63737489 
33 63767996 
33 63798529 
33 63829116 
33 63859632 
33 63890204 
33 63920794 
33 63951345 
33 63981870 
33 64012393 
33 64042912 
33 64073409 
33 64103965 
33 64134513 
33 64165042 
33 64195562 
33 64226089 
33 64256644 
33 64287221 
33 64317768 
33 64348325 
33 64378889 
33 64409432 
33 64439969 
33 64470490 
33 64501042 
33 64531617 
33 64562171 
33 64592723 
33 64623277 
33 64653824 
33 64684352 
33 64714879 
33 64745398 
33 64775920 
33 64806487 
33 64837043 
33 64867605 
33 64898076 
33 64928639 
33 64959224 
33 64989784 
33 65020337 
33 65050893 
33 65081429 
33 65111949 
33 65142439 
33 65172926 
33 65203458 
33 65233993 
33 65264536 
33 65295088 
33 65325665 
33 65356203 
33 65386759 
33 65417338 
33 65447896 
33 65478479 
33 65508985 
33 65539510 
33 65570061 
33 65600618 
33 65631149 
33 65661668 
33 65692183 
33 65722738 
33 65753264 
33 65783770 
33 65814338 
33 65844913 
33 65875495 
33 65906044 
33 65936556 
33 65967104 
33 65997671 
33 66028249 
33 66058828 
33 66089400 
33 66119978 
33 66150507 
33 66181021 
33 66211578 
33 66242066 
33 66272623 
33 66303188 
33 66333742 
33 66364256 
33 66394773 
33 66425304 
33 66455819 
33 66486307 
33 66516850 
33 66547368 
33 66577878 
33 66608406 
33 66638930 
33 66669451 
33 66699967 
33 66730481 
33 66760940 
33 66791466 
33 66821979 
33 66852488 
33 66882999 
33 66913551 
33 66944048 
33 66974576 
33 67005108 
33 67035626 
33 67066076 
33 67096587 
33 67127098 
33 67157623 
33 67188150 
33 67218643 
33 67249168 
33 67279681 
33 67310170 
33 67340724 
33 67371325 
33 67401885 
33 67432442 
33 67463002 
33 67493581 
33 67524106 
33 67554638 
33 67585149 
33 67615691 
33 67646227 
33 67676708 
33 67707218 
33 67737751 
33 67768276 
33 67798804 
33 67829361 
33 67859913 
33 67890487 
33 67921031 
33 67951542 
33 67982054 
33 68012586 
33 68043072 
33 68073600 
33 68104083 
33 68134631 
33 68165152 
33 68195657 
33 68226182 
33 68256734 
33 68287285 
33 68317799 
33 68348333 
33 68378893 
33 68409368 
33 68439926 
33 68470476 
33 68500995 
33 68531533 
33 68562094 
33 68592650 
33 68623186 
33 68653689 
33 68684208 
33 68714757 
33 68745302 
33 68775754 
33 68806233 
33 68836745 
33 68867253 
33 68897765 
33 68928274 
33 68958788 
33 68989316 
33 69019834 
33 69050309 
33 69080827 
33 69111366 
33 69141946 
33 69172479 
33 69203021 
33 69233540 
33 69264063 
33 69294552 
33 69325071 
33 69355630 
33 69386189 
33 69416725 
33 69447244 
33 69477762 
33 69508319 
33 69538913 
33 69569483 
33 69600049 
33 69630601 
33 69661125 
33 69691659 
33 69722242 
33 69752729 
33 69783237 
33 69813753 
33 69844272 
33 69874836 
33 69905381 
33 69935898 
33 69966412 
33 69996970 
33 70027524 
33 70058094 
33 70088670 
33 70119235 
33 70149788 
33 70180355 
33 70210911 
33 70241452 
33 70272023 
33 70302585 
33 70333157 
33 70363729 
33 70394302 
33 70424874 
33 70455435 
33 70486004 
33 70516548 
33 70547115 
33 70577690 
33 70608249 
33 70638798 
33 70669349 
33 70699903 
33 70730477 
33 70760985 
33 70791522 
33 70822043 
33 70852555 
33 70883074 
33 70913603 
33 70944131 
33 70974628 
33 71005165 
33 71035719 
33 71066255 
33 71096771 
33 71127281 
33 71157803 
33 71188277 
33 71218732 
33 71249210 
33 71279737 
33 71310256 
33 71340785 
33 71371317 
33 71401819 
33 71432353 
33 71462911 
33 71493434 
33 71523984 
33 71554574 
33 71585145 
33 71615686 
33 71646251 
33 71676797 
33 71707326 
33 71737877 
33 71768410 
33 71798944 
33 71829467 
33 71859984 
33 71890544 
33 71921132 
33 71951705 
33 71982246 
33 72012805 
33 72043384 
33 72073952 
33 72104493 
33 72135060 
33 72165633 
33 72196207 
33 72226765 
33 72257331 
33 72287887 
33 72318448 
33 72349025 
33 72379607 
33 72410087 
33 72440622 
33 72471137 
33 72501654 
33 72532174 
33 72562683 
33 72593158 
33 72623674 
33 72654153 
33 72684714 
33 72715275 
33 72745848 
33 72776412 
33 72806935 
33 72837468 
33 72868009 
33 72898543 
33 72929073 
33 72959556 
33 72990070 
33 73020584 
33 73051111 
33 73081670 
33 73112259 
33 73142795 
33 73173348 
33 73203922 
33 73234498 
33 73265059 
33 73295633 
33 73326192 
33 73356761 
33 73387348 
33 73417918 
33 73448442 
33 73478970 
33 73509489 
33 73539993 
33 73570514 
33 73601045 
33 73631583 
33 73662036 
33 73692563 
33 73723109 
33 73753574 
33 73784013 
33 73814504 
33 73845027 
33 73875543 
33 73906092 
33 73936634 
33 73967169 
33 73997705 
33 74028223 
33 74058755 
33 74089272 
33 74119786 
33 74150303 
33 74180829 
33 74211346 
33 74241874 
33 74272408 
33 74302964 
33 74333532 
33 74364072 
33 74394630 
33 74425192 
33 74455764 
33 74486335 
33 74516887 
33 74547449 
33 74577997 
33 74608535 
33 74639045 
33 74669607 
33 74700196 
33 74730778 
33 74761265 
33 74791815 
33 74822347 
33 74852865 
33 74883431 
33 74913989 
33 74944530 
33 74975100 
33 75005654 
33 75036210 
33 75066790 
33 75097369 
33 75127922 
33 75158505 
33 75189088 
33 75219667 
33 75250144 
33 75280686 
33 75311246 
33 75341850 
33 75372419 
33 75402961 
33 75433489 
33 75464027 
33 75494587 
33 75525150 
33 75555705 
33 75586299 
33 75616839 
33 75647396 
33 75677976 
33 75708558 
33 75739111 
33 75769569 
33 75800084 
33 75830594 
33 75861104 
33 75891613 
33 75922126 
33 75952640 
33 75983152 
33 76013662 
33 76044145 
33 76074660 
33 76105172 
33 76135681 
33 76166190 
33 76196702 
33 76227211 
33 76257720 
33 76288232 
33 76318748 
33 76349267 
33 76379788 
33 76410309 
33 76440829 
33 76471355 
33 76501868 
33 76532380 
33 76562900 
33 76593417 
33 76623953 
33 76654521 
33 76685068 
33 76715634 
33 76746214 
33 76776723 
33 76807302 
33 76837824 
33 76868354 
33 76898891 
33 76929449 
33 76959978 
33 76990544 
33 77021111 
33 77051652 
33 77082189 
33 77112709 
33 77143185 
33 77173715 
33 77204223 
33 77234735 
33 77265247 
33 77295757 
33 77326215 
33 77356785 
33 77387369 
33 77417930 
33 77448492 
33 77479064 
33 77509561 
33 77540094 
33 77570584 
33 77601101 
33 77631655 
33 77662140 
33 77692678 
33 77723184 
33 77753655 
33 77784181 
33 77814649 
33 77845148 
33 77875663 
33 77906207 
33 77936779 
33 77967356 
33 77997947 
33 78028512 
33 78059049 
33 78089605 
33 78120133 
33 78150646 
33 78181164 
33 78211674 
33 78242207 
33 78272768 
33 78303357 
33 78333908 
33 78364467 
33 78395017 
33 78425572 
33 78456166 
33 78486687 
33 78517269 
33 78547821 
33 78578308 
33 78608823 
33 78639338 
33 78669916 
33 78700510 
33 78731076 
33 78761569 
33 78792088 
33 78822659 
33 78853206 
33 78883802 
33 78914368 
33 78944944 
33 78975519 
33 79006053 
33 79036581 
33 79067147 
33 79097742 
33 79128317 
33 79158883 
33 79189428 
33 79219952 
33 79250547 
33 79281114 
33 79311652 
33 79342181 
33 79372742 
33 79403313 
33 79433881 
33 79464439 
33 79494973 
33 79525491 
33 79555994 
33 79586504 
33 79617030 
33 79647590 
33 79678162 
33 79708730 
33 79739321 
33 79769816 
33 79800333 
33 79830873 
33 79861412 
33 79891934 
33 79922461 
33 79952979 
33 79983504 
33 80014032 
33 80044545 
33 80075085 
33 80105607 
33 80136121 
33 80166643 
33 80197154 
33 80227664 
33 80258117 
33 80288651 
33 80319168 
33 80349681 
33 80380201 
33 80410728 
33 80441270 
33 80471810 
33 80502345 
33 80532871 
33 80563404 
33 80593939 
33 80624463 
33 80655009 
33 80685579 
33 80716152 
33 80746657 
33 80777154 
33 80807673 
33 80838217 
33 80868748 
33 80899292 
33 80929816 
33 80960369 
33 80990952 
33 81021514 
33 81052085 
33 81082661 
33 81113207 
33 81143725 
33 81174246 
33 81204784 
33 81235314 
33 81265869 
33 81296424 
33 81326946 
33 81357457 
33 81387984 
33 81418512 
33 81449038 
33 81479604 
33 81510184 
33 81540739 
33 81571314 
33 81601879 
33 81632421 
33 81662950 
33 81693469 
33 81724029 
33 81754505 
33 81785024 
33 81815519 
33 81846032 
33 81876549 
33 81907104 
33 81937653 
33 81968219 
33 81998777 
33 82029305 
33 82059826 
33 82090409 
33 82120987 
33 82151566 
33 82182137 
33 82212707 
33 82243235 
33 82273811 
33 82304345 
33 82334906 
33 82365466 
33 82396022 
33 82426603 
33 82457190 
33 82487774 
33 82518324 
33 82548853 
33 82579414 
33 82609977 
33 82640505 
33 82671069 
33 82701630 
33 82732199 
33 82762701 
33 82793164 
33 82823747 
33 82854296 
33 82884810 
33 82915339 
33 82945863 
33 82976395 
33 83006961 
33 83037516 
33 83068088 
33 83098666 
33 83129235 
33 83159813 
33 83190328 
33 83220848 
33 83251357 
33 83281881 
33 83312432 
33 83342973 
33 83373553 
33 83404087 
33 83434588 
33 83465152 
33 83495746 
33 83526321 
33 83556852 
33 83587366 
33 83617888 
33 83648424 
33 83678949 
33 83709465 
33 83740033 
33 83770534 
33 83801055 
33 83831573 
33 83862031 
33 83892548 
33 83923056 
33 83953579 
33 83984132 
33 84014711 
33 84045283 
33 84075834 
33 84106384 
33 84136947 
33 84167477 
33 84198037 
33 84228603 
33 84259127 
33 84289663 
33 84320211 
33 84350737 
33 84381292 
33 84411860 
33 84442360 
33 84472925 
33 84503514 
33 84533981 
33 84564533 
33 84595040 
33 84625568 
33 84656114 
33 84686692 
33 84717280 
33 84747845 
33 84778339 
33 84808853 
33 84839371 
33 84869908 
33 84900429 
33 84930945 
33 84961462 
33 84991979 
33 85022506 
33 85053060 
33 85083636 
33 85114161 
33 85144683 
33 85175203 
33 85205764 
33 85236331 
33 85266890 
33 85297457 
33 85328023 
33 85358525 
33 85389055 
33 85419575 
33 85450101 
33 85480616 
33 85511161 
33 85541705 
33 85572280 
33 85602863 
33 85633406 
33 85663925 
33 85694442 
33 85724968 
33 85755437 
33 85785900 
33 85816455 
33 85847008 
33 85877584 
33 85908161 
33 85938748 
33 85969305 
33 85999879 
33 86030397 
33 86060965 
33 86091503 
33 86122024 
33 86152537 
33 86183050 
33 86213564 
33 86244099 
33 86274595 
33 86305139 
33 86335720 
33 86366298 
33 86396856 
33 86427423 
33 86458016 
33 86488585 
33 86519119 
33 86549679 
33 86580260 
33 86610819 
33 86641366 
33 86671908 
33 86702415 
33 86732919 
33 86763381 
33 86793830 
33 86824340 
33 86854865 
33 86885380 
33 86915918 
33 86946440 
33 86976956 
33 87007497 
33 87038024 
33 87068560 
33 87099087 
33 87129604 
33 87160114 
33 87190643 
33 87221183 
33 87251706 
33 87282193 
33 87312710 
33 87343187 
33 87373718 
33 87404246 
33 87434760 
33 87465278 
33 87495812 
33 87526310 
33 87556856 
33 87587379 
33 87617923 
33 87648460 
33 87678976 
33 87709432 
33 87739918 
33 87770390 
33 87800883 
33 87831424 
33 87861955 
33 87892494 
33 87923041 
33 87953578 
33 87984115 
33 88014605 
33 88045137 
33 88075685 
33 88106173 
33 88136701 
33 88167234 
33 88197774 
33 88228319 
33 88258865 
33 88289390 
33 88319927 
33 88350416 
33 88380952 
33 88411495 
33 88442019 
33 88472552 
33 88503120 
33 88533615 
33 88564167 
33 88594668 
33 88625213 
33 88655789 
33 88686380 
33 88716945 
33 88747529 
33 88778055 
33 88808594 
33 88839143 
33 88869703 
33 88900293 
33 88930856 
33 88961410 
33 88991922 
33 89022418 
33 89052937 
33 89083454 
33 89114028 
33 89144567 
33 89175133 
33 89205712 
33 89236274 
33 89266856 
33 89297422 
33 89327953 
33 89358516 
33 89389107 
33 89419685 
33 89450262 
33 89480850 
33 89511402 
33 89541981 
33 89572571 
33 89603158 
33 89633709 
33 89664277 
33 89694842 
33 89725384 
33 89755839 
33 89786350 
33 89816863 
33 89847382 
33 89877907 
33 89908419 
33 89938943 
33 89969459 
33 89999983 
33 90030499 
33 90061015 
33 90091535 
33 90122052 
33 90152571 
33 90183088 
33 90213606 
33 90244122 
33 90274641 
33 90305167 
33 90335687 
33 90366207 
33 90396734 
33 90427257 
33 90457774 
33 90488299 
33 90518812 
33 90549328 
33 90579849 
33 90610365 
33 90640880 
33 90671377 
33 90701923 
33 90732453 
33 90762928 
33 90793388 
33 90823824 
33 90854355 
33 90884894 
33 90915401 
33 90945928 
33 90976418 
33 91006938 
33 91037465 
33 91067991 
33 91098523 
33 91129057 
33 91159574 
33 91190118 
33 91220650 
33 91251173 
33 91281696 
33 91312242 
33 91342776 
33 91373311 
33 91403850 
33 91434374 
33 91464895 
33 91495428 
33 91525925 
33 91556455 
33 91586938 
33 91617456 
33 91647975 
33 91678504 
33 91709019 
33 91739499 
33 91769960 
33 91800445 
33 91830961 
33 91861474 
33 91891987 
33 91922501 
33 91953011 
33 91983522 
33 92014034 
33 92044545 
33 92075058 
33 92105568 
33 92136080 
33 92166570 
33 92197090 
33 92227627 
33 92258169 
33 92288686 
33 92319199 
33 92349711 
33 92380247 
33 92410771 
33 92441302 
33 92471829 
33 92502355 
33 92532877 
33 92563418 
33 92593973 
33 92624496 
33 92655006 
33 92685521 
33 92716040 
33 92746584 
33 92777134 
33 92807661 
33 92838178 
33 92868688 
33 92899200 
33 92929731 
33 92960259 
33 92990775 
33 93021299 
33 93051821 
33 93082314 
33 93112810 
33 93143342 
33 93173857 
33 93204403 
33 93234929 
33 93265441 
33 93295956 
33 93326433 
33 93356967 
33 93387498 
33 93418016 
33 93448529 
33 93479040 
33 93509527 
33 93540068 
33 93570597 
33 93601111 
33 93631636 
33 93662084 
33 93692577 
33 93723105 
33 93753566 
33 93784100 
33 93814627 
33 93845164 
33 93875695 
33 93906213 
33 93936748 
33 93967269 
33 93997790 
33 94028303 
33 94058822 
33 94089345 
33 94119873 
33 94150400 
33 94180919 
33 94211465 
33 94241996 
33 94272540 
33 94303069 
33 94333613 
33 94364168 
33 94394723 
33 94425277 
33 94455810 
33 94486353 
33 94516877 
33 94547417 
33 94577953 
33 94608462 
33 94638942 
33 94669457 
33 94700003 
33 94730497 
33 94760958 
33 94791482 
33 94821994 
33 94852520 
33 94883038 
33 94913578 
33 94944127 
33 94974680 
33 95005235 
33 95035784 
33 95066337 
33 95096883 
33 95127410 
33 95157925 
33 95188469 
33 95219003 
33 95249514 
33 95280029 
33 95310572 
33 95341136 
33 95371691 
33 95402249 
33 95432785 
33 95463299 
33 95493813 
33 95524339 
33 95554863 
33 95585407 
33 95615942 
33 95646473 
33 95676995 
33 95707537 
33 95738000 
33 95768468 
33 95798987 
33 95829506 
33 95860028 
33 95890571 
33 95921113 
33 95951640 
33 95982172 
33 96012698 
33 96043222 
33 96073771 
33 96104321 
33 96134859 
33 96165388 
33 96195903 
33 96226407 
33 96256960 
33 96287504 
33 96318056 
33 96348611 
33 96379166 
33 96409706 
33 96440237 
33 96470786 
33 96501330 
33 96531874 
33 96562411 
33 96592928 
33 96623466 
33 96653982 
33 96684510 
33 96715035 
33 96745564 
33 96776020 
33 96806539 
33 96837056 
33 96867583 
33 96898104 
33 96928633 
33 96959104 
33 96989630 
33 97020144 
33 97050634 
33 97081178 
33 97111717 
33 97142245 
33 97172775 
33 97203347 
33 97233927 
33 97264470 
33 97295036 
33 97325580 
33 97356097 
33 97386614 
33 97417153 
33 97447708 
33 97478281 
33 97508834 
33 97539375 
33 97569951 
33 97600499 
33 97631030 
33 97661545 
33 97692080 
33 97722659 
33 97753153 
33 97783618 
33 97814128 
33 97844638 
33 97875174 
33 97905710 
33 97936277 
33 97966809 
33 97997382 
33 98027966 
33 98058548 
33 98089109 
33 98119675 
33 98150253 
33 98180788 
33 98211307 
33 98241824 
33 98272359 
33 98302887 
33 98333423 
33 98363944 
33 98394480 
33 98425031 
33 98455602 
33 98486197 
33 98516749 
33 98547320 
33 98577920 
33 98608496 
33 98639008 
33 98669536 
33 98700105 
33 98730635 
33 98761115 
33 98791634 
33 98822120 
33 98852647 
33 98883188 
33 98913758 
33 98944333 
33 98974895 
33 99005449 
33 99035949 
33 99066488 
33 99097047 
33 99127588 
33 99158116 
33 99188640 
33 99219194 
33 99249751 
33 99280294 
33 99310792 
33 99341328 
33 99371853 
33 99402353 
33 99432911 
33 99463474 
33 99494037 
33 99524577 
33 99555086 
33 99585638 
33 99616177 
33 99646710 
33 99677226 
33 99707743 
33 99738289 
33 99768780 
33 99799340 
33 99829874 
33 99860399 
33 99890945 
33 99921479 
33 99952008 
33 99982540 
33 100013059 
33 100043573 
33 100074098 
33 100104643 
33 100135183 
33 100165713 
33 100196244 
33 100226749 
33 100257279 
33 100287828 
33 100318339 
33 100348901 
33 100379462 
33 100409990 
33 100440512 
33 100471044 
33 100501569 
33 100532084 
33 100562605 
33 100593069 
33 100623597 
33 100654131 
33 100684655 
33 100715208 
33 100745787 
33 100776289 
33 100806854 
33 100837394 
33 100867923 
33 100898477 
33 100929048 
33 100959651 
33 100990228 
33 101020819 
33 101051393 
33 101081952 
33 101112523 
33 101143061 
33 101173588 
33 101204111 
33 101234693 
33 101265264 
33 101295844 
33 101326361 
33 101356893 
33 101387410 
33 101417940 
33 101448460 
33 101478983 
33 101509515 
33 101540035 
33 101570565 
33 101601096 
33 101631589 
33 101662044 
33 101692535 
33 101723062 
33 101753524 
33 101784002 
33 101814520 
33 101845045 
33 101875562 
33 101905996 
33 101936511 
33 101967035 
33 101997553 
33 102028077 
33 102058603 
33 102089119 
33 102119642 
33 102150158 
33 102180674 
33 102211193 
33 102241716 
33 102272243 
33 102302763 
33 102333283 
33 102363766 
33 102394291 
33 102424817 
33 102455344 
33 102485873 
33 102516392 
33 102546914 
33 102577440 
33 102607969 
33 102638490 
33 102668999 
33 102699513 
33 102730036 
33 102760501 
33 102790943 
33 102821441 
33 102851973 
33 102882500 
33 102913019 
33 102943539 
33 102974071 
33 103004592 
33 103035119 
33 103065644 
33 103096167 
33 103126635 
33 103157157 
33 103187690 
33 103218216 
33 103248742 
33 103279269 
33 103309753 
33 103340267 
33 103370777 
33 103401305 
33 103431839 
33 103462366 
33 103492884 
33 103523410 
33 103553929 
33 103584449 
33 103614963 
33 103645493 
33 103675973 
33 103706484 
33 103737009 
33 103767471 
33 103797928 
33 103828440 
33 103858963 
33 103889488 
33 103920008 
33 103950495 
33 103981021 
33 104011544 
33 104042062 
33 104072586 
33 104103111 
33 104133635 
33 104164136 
33 104194662 
33 104225193 
33 104255694 
33 104286225 
33 104316811 
33 104347379 
33 104377910 
33 104408465 
33 104439022 
33 104469544 
33 104500058 
33 104530602 
33 104561148 
33 104591718 
33 104622311 
33 104652855 
33 104683391 
33 104713960 
33 104744540 
33 104775056 
33 104805535 
33 104836102 
33 104866670 
33 104897243 
33 104927832 
33 104958396 
33 104988977 
33 105019554 
33 105050132 
33 105080693 
33 105111251 
33 105141789 
33 105172321 
33 105202857 
33 105233381 
33 105263946 
33 105294525 
33 105325081 
33 105355647 
33 105386232 
33 105416777 
33 105447336 
33 105477886 
33 105508429 
33 105538993 
33 105569565 
33 105600127 
33 105630685 
33 105661211 
33 105691761 
33 105722338 
33 105752831 
33 105783272 
33 105813781 
33 105844348 
33 105874910 
33 105905493 
33 105936081 
33 105966657 
33 105997201 
33 106027741 
33 106058293 
33 106088829 
33 106119380 
33 106149911 
33 106180450 
33 106210988 
33 106241517 
33 106272078 
33 106302563 
33 106333109 
33 106363652 
33 106394107 
33 106424619 
33 106455148 
33 106485667 
33 106516231 
33 106546804 
33 106577378 
33 106607970 
33 106638471 
33 106669020 
33 106699552 
33 106730081 
33 106760549 
33 106791008 
33 106821510 
33 106852072 
33 106882651 
33 106913211 
33 106943750 
33 106974320 
33 107004911 
33 107035480 
33 107066055 
33 107096644 
33 107127220 
33 107157824 
33 107188402 
33 107218941 
33 107249458 
33 107280014 
33 107310588 
33 107341129 
33 107371705 
33 107402289 
33 107432853 
33 107463386 
33 107493956 
33 107524549 
33 107555136 
33 107585689 
33 107616257 
33 107646833 
33 107677410 
33 107707964 
33 107738516 
33 107769004 
33 107799494 
33 107830049 
33 107860618 
33 107891209 
33 107921791 
33 107952336 
33 107982865 
33 108013423 
33 108044008 
33 108074587 
33 108105163 
33 108135735 
33 108166285 
33 108196823 
33 108227341 
33 108257868 
33 108288425 
33 108318980 
33 108349494 
33 108380005 
33 108410486 
33 108441008 
33 108471534 
33 108502051 
33 108532579 
33 108563132 
33 108593658 
33 108624192 
33 108654678 
33 108685191 
33 108715724 
33 108746291 
33 108776806 
33 108807381 
33 108837934 
33 108868472 
33 108899038 
33 108929619 
33 108960141 
33 108990742 
33 109021310 
33 109051847 
33 109082367 
33 109112886 
33 109143370 
33 109173904 
33 109204463 
33 109235007 
33 109265567 
33 109296151 
33 109326659 
33 109357195 
33 109387716 
33 109418239 
33 109448760 
33 109479284 
33 109509739 
33 109540270 
33 109570787 
33 109601344 
33 109631903 
33 109662408 
33 109692891 
33 109723417 
33 109753930 
33 109784383 
33 109814901 
33 109845417 
33 109875871 
33 109906438 
33 109937017 
33 109967555 
33 109998118 
33 110028702 
33 110059306 
33 110089869 
33 110120419 
33 110150949 
33 110181504 
33 110212062 
33 110242522 
33 110273063 
33 110303621 
33 110334156 
33 110364684 
33 110395203 
33 110425719 
33 110456244 
33 110486763 
33 110517275 
33 110547816 
33 110578391 
33 110608969 
33 110639482 
33 110670010 
33 110700531 
33 110731078 
33 110761564 
33 110792063 
33 110822608 
33 110853132 
33 110883659 
33 110914187 
33 110944719 
33 110975248 
33 111005773 
33 111036317 
33 111066876 
33 111097434 
33 111128011 
33 111158522 
33 111189040 
33 111219555 
33 111249995 
33 111280530 
33 111311047 
33 111341577 
33 111372104 
33 111402594 
33 111433159 
33 111463728 
33 111494302 
33 111524891 
33 111555433 
33 111585989 
33 111616527 
33 111647068 
33 111677653 
33 111708210 
33 111738739 
33 111769203 
33 111799701 
33 111830236 
33 111860807 
33 111891364 
33 111921887 
33 111952414 
33 111982989 
33 112013578 
33 112044143 
33 112074708 
33 112105268 
33 112135789 
33 112166302 
33 112196826 
33 112227342 
33 112257867 
33 112288424 
33 112318963 
33 112349500 
33 112380036 
33 112410537 
33 112441075 
