0 8 
12 90244 
13 173019 
14 249501 
15 320575 
16 386956 
17 449238 
18 507866 
19 563303 
20 615788 
21 665719 
22 713252 
23 758649 
24 802096 
25 843810 
26 883833 
27 922337 
28 959406 
29 995156 
30 1029718 
31 1063135 
32 1095494 
33 1126851 
34 1157247 
35 1186781 
36 1215482 
37 1243375 
38 1270601 
39 1297073 
40 1322903 
41 1348082 
42 1372649 
43 1396654 
44 1420036 
45 1442890 
46 1465267 
47 1487165 
48 1508622 
49 1529641 
50 1550201 
51 1570316 
52 1590063 
53 1609444 
54 1628481 
55 1647136 
56 1665486 
57 1683480 
58 1701187 
59 1718592 
60 1735672 
61 1752517 
62 1769045 
63 1785292 
64 1801337 
65 1817139 
66 1832682 
67 1848013 
68 1863122 
69 1877962 
70 1892637 
71 1907097 
72 1921304 
73 1935392 
74 1949281 
75 1962918 
76 1976438 
77 1989783 
78 2002957 
79 2015964 
80 2028813 
81 2041502 
82 2053997 
83 2066380 
84 2078620 
85 2090690 
86 2102648 
87 2114475 
88 2126141 
89 2137700 
90 2149130 
90 2160437 
45 2171719 
22 2194121 
11 2238714 
5 2327687 
2 2505505 
1 2860862 
2 3571283 
3 3986785 
4 4280431 
5 4507462 
6 4692604 
7 4848875 
8 4984080 
9 5103271 
10 5209788 
11 5306092 
12 5393961 
13 5474669 
14 5549460 
15 5619071 
16 5684181 
17 5745344 
18 5802931 
19 5857410 
20 5909089 
21 5958298 
22 6005232 
23 6050069 
24 6092991 
25 6134165 
26 6173726 
27 6211771 
28 6248466 
29 6283873 
30 6318041 
31 6351080 
32 6383126 
33 6414189 
34 6444326 
35 6473571 
36 6501994 
37 6529643 
38 6556533 
39 6582706 
40 6608240 
41 6633130 
42 6657411 
43 6681141 
44 6704347 
45 6727047 
46 6749285 
47 6771000 
48 6792290 
49 6813154 
50 6833601 
51 6853647 
52 6873307 
53 6892593 
54 6911529 
55 6930114 
56 6948371 
57 6966270 
58 6983895 
59 7001175 
60 7018169 
61 7034928 
62 7051362 
63 7067588 
64 7083564 
65 7099266 
66 7114688 
67 7129951 
68 7144961 
69 7159751 
70 7174364 
71 7188771 
72 7202983 
73 7217001 
74 7230791 
75 7244404 
76 7257874 
77 7271131 
78 7284260 
79 7297219 
80 7310022 
81 7322665 
82 7335159 
83 7347498 
84 7359632 
85 7371686 
86 7383604 
87 7395314 
88 7406963 
89 7418417 
90 7429803 
91 7441068 
92 7452229 
93 7463225 
94 7474086 
95 7484850 
96 7495535 
97 7506113 
98 7516586 
99 7526883 
100 7537152 
101 7547320 
102 7557393 
103 7567366 
104 7577195 
105 7586976 
106 7596671 
107 7606278 
108 7615796 
109 7625178 
110 7634475 
111 7643675 
112 7652863 
113 7661967 
114 7670961 
115 7679911 
116 7688785 
117 7697583 
118 7706307 
119 7714960 
120 7723543 
121 7732055 
122 7740499 
123 7748876 
124 7757192 
125 7765439 
126 7773620 
127 7781739 
128 7789794 
129 7797789 
130 7805718 
131 7813593 
132 7821411 
133 7829171 
134 7836839 
135 7844451 
136 7852015 
137 7859555 
138 7867037 
139 7874469 
140 7881847 
141 7889171 
142 7896447 
143 7903676 
144 7910825 
145 7917957 
146 7925041 
147 7932080 
148 7939070 
149 7946015 
150 7952921 
151 7959779 
152 7966594 
153 7973366 
154 7980095 
155 7986755 
156 7993336 
157 7999912 
158 8006475 
159 8012997 
160 8019479 
161 8025922 
162 8032325 
163 8038667 
164 8044960 
165 8051218 
165 8057467 
82 8063686 
41 8075977 
20 8100340 
10 8148883 
5 8245850 
5 8439464 
6 8633130 
7 8795460 
8 8935119 
9 9057739 
10 9167013 
11 9265601 
12 9355419 
13 9437842 
14 9513988 
15 9584761 
16 9650883 
17 9712943 
18 9771370 
19 9826598 
20 9878940 
21 9928726 
22 9976166 
23 10021486 
24 10064867 
25 10106430 
26 10146321 
27 10184719 
28 10221684 
29 10257405 
30 10291943 
31 10325313 
32 10357651 
33 10388978 
34 10419339 
35 10448812 
36 10477455 
37 10505351 
38 10532494 
39 10558882 
40 10584637 
41 10609753 
42 10634263 
43 10658187 
44 10681561 
45 10704425 
46 10726714 
47 10748580 
48 10769994 
49 10790928 
50 10811482 
51 10831624 
52 10851376 
53 10870729 
54 10889726 
55 10908395 
56 10926641 
57 10944649 
58 10962346 
59 10979744 
60 10996853 
61 11013681 
62 11030236 
63 11046534 
64 11062592 
65 11078359 
66 11093909 
67 11109199 
68 11124266 
69 11139143 
70 11153805 
71 11168218 
72 11182476 
73 11196518 
74 11210367 
75 11224054 
76 11237566 
77 11250903 
78 11264054 
79 11277077 
80 11289918 
81 11302565 
82 11315090 
83 11327469 
84 11339698 
85 11351753 
86 11363705 
87 11375489 
88 11387166 
89 11398714 
90 11410134 
91 11421432 
92 11432609 
93 11443667 
94 11454614 
95 11465381 
96 11476077 
97 11486692 
98 11497197 
99 11507596 
100 11517853 
101 11528040 
102 11538132 
103 11548134 
104 11558031 
105 11567831 
106 11577559 
107 11587163 
108 11596704 
109 11606154 
110 11615519 
111 11624802 
112 11634007 
112 11643130 
112 11652251 
56 11661371 
28 11679409 
14 11715247 
7 11786707 
3 11929564 
4 12215044 
5 12437185 
6 12618995 
7 12772925 
8 12906375 
9 13024182 
10 13129610 
11 13224986 
12 13312140 
13 13392319 
14 13466584 
15 13535733 
16 13600419 
17 13661209 
18 13718504 
19 13772748 
20 13824220 
21 13873172 
22 13919875 
23 13964471 
24 14007219 
25 14048235 
26 14087655 
27 14125591 
28 14162092 
29 14197363 
30 14231485 
31 14264490 
32 14296471 
33 14327452 
34 14357482 
35 14386668 
36 14415015 
37 14442552 
38 14469421 
39 14495616 
40 14521141 
41 14546086 
42 14570404 
43 14594141 
44 14617269 
45 14639946 
46 14662139 
47 14683860 
48 14705127 
49 14725950 
50 14746372 
51 14766337 
52 14785957 
53 14805157 
54 14824049 
55 14842605 
56 14860782 
57 14878662 
58 14896201 
59 14913499 
60 14930510 
61 14947247 
62 14963714 
63 14979921 
64 14995862 
65 15011548 
66 15026988 
67 15042229 
68 15057260 
69 15072071 
70 15086643 
71 15101038 
72 15115194 
73 15129194 
74 15143008 
75 15156639 
76 15170091 
77 15183372 
78 15196451 
79 15209396 
80 15222181 
81 15234813 
82 15247260 
83 15259587 
84 15271771 
85 15283817 
86 15295722 
87 15307489 
88 15319076 
89 15330597 
90 15341985 
91 15353251 
92 15364388 
93 15375408 
94 15386310 
95 15397103 
96 15407782 
97 15418304 
98 15428746 
99 15439071 
100 15449326 
101 15459483 
102 15469540 
103 15479504 
104 15489374 
105 15499150 
106 15508836 
107 15518405 
108 15527911 
109 15537317 
110 15546656 
111 15555915 
112 15565095 
113 15574193 
114 15583211 
115 15592152 
116 15601018 
117 15609790 
118 15618459 
119 15627101 
120 15635660 
121 15644165 
122 15652602 
123 15660973 
124 15669252 
125 15677464 
126 15685632 
127 15693716 
127 15701762 
127 15709813 
63 15717866 
31 15733762 
15 15765355 
7 15828345 
3 15954095 
4 16205317 
5 16406165 
6 16573490 
7 16716893 
8 16842355 
9 16953866 
10 17054227 
11 17145482 
12 17229141 
13 17306361 
14 17378077 
15 17445020 
16 17507794 
17 17566888 
18 17622653 
19 17675535 
20 17725781 
21 17773644 
22 17819288 
23 17862940 
24 17904843 
25 17945054 
26 17983772 
27 18021034 
28 18056973 
29 18091679 
30 18125236 
31 18157664 
32 18189140 
33 18219666 
34 18249272 
35 18278063 
36 18306010 
37 18333253 
38 18359788 
39 18385646 
40 18410798 
41 18435405 
42 18459403 
43 18482806 
44 18505744 
45 18528146 
46 18550099 
47 18571571 
48 18592552 
49 18613170 
50 18633360 
51 18653147 
52 18672592 
53 18691674 
54 18710407 
55 18728763 
56 18746834 
57 18764565 
58 18782015 
59 18799176 
60 18816056 
61 18832663 
62 18849004 
63 18865092 
64 18880906 
65 18896502 
66 18911864 
67 18926979 
68 18941907 
69 18956588 
70 18971084 
71 18985378 
72 18999479 
73 19013387 
74 19027076 
75 19040553 
76 19053864 
77 19067063 
78 19080048 
79 19092885 
80 19105554 
81 19118071 
82 19130446 
83 19142641 
84 19154717 
85 19166666 
86 19178495 
87 19190134 
88 19201624 
89 19212995 
90 19224255 
91 19235406 
92 19246459 
93 19257374 
94 19268172 
95 19278910 
96 19289491 
97 19299984 
98 19310373 
99 19320682 
100 19330823 
101 19340933 
102 19350948 
103 19360804 
104 19370619 
105 19380352 
106 19389996 
107 19399552 
108 19409021 
109 19418404 
110 19427703 
111 19436922 
112 19446037 
113 19455056 
114 19464038 
115 19472945 
116 19481775 
117 19490532 
118 19499182 
119 19507793 
120 19516334 
120 19524780 
60 19533252 
30 19549991 
15 19583261 
7 19649592 
3 19782018 
4 20046721 
5 20256100 
6 20429296 
7 20576982 
8 20705718 
9 20819811 
10 20922259 
11 21015212 
12 21100314 
13 21178684 
14 21251458 
15 21319294 
16 21382872 
17 21442668 
18 21499114 
19 21552565 
20 21603307 
21 21651639 
22 21697770 
23 21741877 
24 21784098 
25 21824642 
26 21863622 
27 21901120 
28 21937328 
29 21972290 
30 22006028 
31 22038701 
32 22070375 
33 22101062 
34 22130884 
35 22159812 
36 22187992 
37 22215394 
38 22242071 
39 22268068 
40 22293414 
41 22318148 
42 22342301 
43 22365896 
44 22388949 
45 22411495 
46 22433556 
47 22455147 
48 22476286 
49 22496997 
50 22517307 
51 22537215 
52 22556737 
53 22575894 
54 22594677 
55 22613094 
56 22631225 
57 22649070 
58 22666607 
59 22683833 
60 22700769 
61 22717430 
62 22733822 
63 22749969 
64 22765860 
65 22781500 
66 22796921 
67 22812105 
68 22827040 
69 22841792 
70 22856346 
71 22870690 
72 22884843 
73 22898792 
74 22912555 
75 22926137 
76 22939539 
77 22952750 
78 22965777 
79 22978675 
80 22991435 
81 23004022 
82 23016459 
83 23028746 
84 23040891 
85 23052871 
86 23064735 
87 23076468 
88 23088071 
89 23099544 
90 23110892 
91 23122116 
92 23133221 
93 23144209 
94 23155058 
95 23165811 
96 23176443 
97 23186983 
98 23197417 
99 23207726 
100 23217911 
101 23228020 
102 23238057 
103 23247987 
104 23257764 
105 23267446 
106 23277078 
107 23286653 
108 23296078 
109 23305450 
110 23314699 
111 23323906 
112 23333029 
113 23342035 
114 23350992 
115 23359910 
116 23368753 
117 23377491 
118 23386188 
119 23394744 
120 23403231 
121 23411687 
122 23420103 
123 23428429 
123 23436681 
61 23444945 
30 23461304 
15 23493839 
7 23558671 
3 23688154 
4 23946895 
5 24152539 
6 24323129 
7 24468914 
8 24596215 
9 24709193 
10 24810740 
11 24902962 
12 24987430 
13 25065398 
14 25137758 
15 25205231 
16 25268461 
17 25327953 
18 25384106 
19 25437314 
20 25487856 
21 25535984 
22 25581921 
23 25625832 
24 25667937 
25 25708358 
26 25747171 
27 25784603 
28 25820634 
29 25855488 
30 25889181 
31 25921786 
32 25953373 
33 25984007 
34 26013743 
35 26042649 
36 26070767 
37 26098110 
38 26124725 
39 26150664 
40 26175975 
41 26200664 
42 26224793 
43 26248363 
44 26271378 
45 26293849 
46 26315870 
47 26337417 
48 26358516 
49 26379220 
50 26399502 
51 26419377 
52 26438900 
53 26458052 
54 26476824 
55 26495268 
56 26513378 
57 26531174 
58 26548665 
59 26565865 
60 26582786 
61 26599399 
62 26615770 
63 26631867 
64 26647711 
65 26663335 
66 26678727 
67 26693887 
68 26708831 
69 26723555 
70 26738097 
71 26752378 
72 26766508 
73 26780480 
74 26794192 
75 26807758 
76 26821149 
77 26834365 
78 26847421 
79 26860312 
80 26873011 
81 26885594 
82 26897978 
83 26910224 
84 26922359 
85 26934300 
86 26946155 
87 26957876 
88 26969465 
89 26980926 
90 26992262 
91 27003477 
92 27014573 
93 27025554 
94 27036417 
95 27047169 
96 27057807 
97 27068325 
98 27078683 
99 27089004 
100 27099226 
101 27109350 
102 27119373 
103 27129302 
104 27139138 
105 27148883 
106 27158536 
107 27168098 
108 27177549 
109 27186943 
110 27196251 
111 27205479 
112 27214627 
113 27223695 
114 27232686 
115 27241601 
116 27250437 
117 27259145 
118 27267830 
119 27276446 
120 27284997 
121 27293477 
122 27301844 
122 27310144 
122 27318445 
61 27326793 
30 27343280 
15 27376049 
7 27441371 
3 27571807 
4 27832453 
5 28039325 
6 28210792 
7 28357212 
8 28484941 
9 28598324 
10 28700185 
11 28792654 
12 28877327 
13 28955434 
14 29027947 
15 29095564 
16 29158924 
17 29218517 
18 29274803 
19 29328073 
20 29378648 
21 29426841 
22 29472845 
23 29516874 
24 29559001 
25 29599473 
26 29638396 
27 29675867 
28 29712001 
29 29746850 
30 29780571 
31 29813216 
32 29844836 
33 29875501 
34 29905262 
35 29934172 
36 29962299 
37 29989662 
38 30016298 
39 30042251 
40 30067532 
41 30092222 
42 30116352 
43 30139904 
44 30162923 
45 30185431 
46 30207456 
47 30229016 
48 30250127 
49 30270775 
50 30291049 
51 30310925 
52 30330424 
53 30349555 
54 30368328 
55 30386718 
56 30404800 
57 30422602 
58 30440031 
59 30457207 
60 30474127 
61 30490772 
62 30507152 
63 30523274 
64 30539114 
65 30554743 
66 30570141 
67 30585254 
68 30600201 
69 30614938 
70 30629465 
71 30643791 
72 30657917 
73 30671851 
74 30685553 
75 30699120 
76 30712515 
77 30725740 
78 30738796 
79 30751649 
80 30764381 
81 30776960 
82 30789388 
83 30801668 
84 30813783 
85 30825774 
86 30837629 
87 30849353 
88 30860946 
89 30872409 
90 30883751 
91 30894968 
92 30906002 
93 30916976 
94 30927805 
95 30938554 
96 30949194 
97 30959725 
98 30970154 
99 30980479 
100 30990704 
101 31000780 
102 31010805 
103 31020736 
104 31030570 
105 31040298 
106 31049956 
107 31059524 
108 31069003 
109 31078403 
110 31087712 
111 31096939 
112 31106089 
113 31115160 
114 31124157 
115 31133072 
116 31141909 
117 31150672 
118 31159360 
119 31167937 
120 31176435 
121 31184917 
122 31193334 
122 31201681 
61 31210030 
30 31226520 
15 31259293 
7 31324675 
7 31455216 
8 31585704 
9 31701107 
10 31804695 
11 31898606 
12 31984476 
13 32063563 
14 32136831 
15 32205150 
16 32269167 
17 32329352 
18 32386101 
19 32439850 
20 32490845 
21 32539465 
22 32585860 
23 32630203 
24 32672671 
25 32713418 
26 32752562 
27 32790287 
28 32826636 
29 32861719 
30 32895672 
31 32928540 
32 32960368 
33 32991209 
34 33021081 
35 33050126 
36 33078360 
37 33105852 
38 33132611 
39 33158674 
40 33184087 
41 33208866 
42 33233077 
43 33256767 
44 33279949 
45 33302592 
46 33324729 
47 33346371 
48 33367554 
49 33388309 
50 33408650 
51 33428604 
52 33448189 
53 33467385 
54 33486198 
55 33504707 
56 33522920 
57 33540797 
58 33558375 
59 33575659 
60 33592657 
61 33609388 
62 33625822 
63 33641991 
64 33657920 
65 33673591 
66 33689028 
67 33704249 
68 33719198 
69 33733972 
70 33748533 
71 33762895 
72 33777056 
73 33791026 
74 33804809 
75 33818360 
76 33831758 
77 33844991 
78 33858089 
79 33870974 
80 33883734 
81 33896322 
82 33908771 
83 33921077 
84 33933237 
85 33945254 
86 33957134 
87 33968812 
88 33980360 
89 33991775 
90 34003129 
91 34014350 
92 34025464 
93 34036463 
93 34047282 
46 34058125 
23 34079659 
11 34122540 
5 34208118 
6 34379135 
7 34525229 
8 34652790 
9 34765964 
10 34867655 
11 34959991 
12 35044550 
13 35122555 
14 35194956 
15 35262500 
16 35325798 
17 35385306 
18 35441527 
19 35494823 
20 35545437 
21 35593590 
22 35639521 
23 35683484 
24 35725616 
25 35766060 
26 35804950 
27 35842411 
28 35878543 
29 35913432 
30 35947155 
31 35979822 
32 36011427 
33 36042116 
34 36071867 
35 36100766 
36 36128868 
37 36156178 
38 36182804 
39 36208753 
40 36234055 
41 36258778 
42 36282877 
43 36306421 
44 36329434 
45 36351902 
46 36373920 
47 36395494 
48 36416668 
49 36437384 
50 36457645 
51 36477519 
52 36497019 
53 36516151 
54 36534916 
55 36553332 
56 36571445 
57 36589238 
58 36606732 
59 36623933 
60 36640827 
61 36657466 
62 36673840 
63 36689960 
64 36705829 
65 36721456 
66 36736849 
67 36751983 
68 36766906 
69 36781653 
70 36796180 
71 36810555 
72 36824677 
73 36838613 
74 36852312 
75 36865877 
76 36879238 
77 36892458 
78 36905492 
79 36918357 
80 36931089 
81 36943665 
82 36956053 
83 36968300 
84 36980413 
85 36992407 
86 37004266 
87 37015990 
88 37027582 
89 37039012 
90 37050348 
91 37061564 
92 37072661 
93 37083639 
94 37094499 
95 37105180 
96 37115820 
97 37126313 
98 37136720 
98 37147044 
98 37157341 
49 37167660 
24 37188056 
12 37228690 
6 37309838 
6 37471898 
7 37633964 
8 37773486 
9 37895973 
10 38005167 
11 38103685 
12 38193404 
13 38275745 
14 38351836 
15 38422635 
16 38488767 
17 38550797 
18 38609248 
19 38664482 
20 38716848 
21 38766628 
22 38814080 
23 38859399 
24 38902768 
25 38944365 
26 38984302 
27 39022721 
28 39059737 
29 39095466 
30 39129989 
31 39163397 
32 39195739 
33 39227075 
34 39257475 
35 39286965 
36 39315597 
37 39343446 
38 39370551 
39 39396954 
40 39422669 
41 39447767 
42 39472256 
43 39496173 
44 39519538 
45 39542389 
46 39564725 
47 39586607 
48 39608011 
49 39628980 
50 39649523 
51 39669661 
52 39689414 
53 39708791 
54 39727810 
55 39746478 
56 39764826 
57 39782840 
58 39800539 
59 39817947 
60 39834994 
61 39851787 
62 39868355 
63 39884679 
64 39900685 
65 39916455 
66 39932006 
67 39947293 
68 39962392 
69 39977265 
70 39991926 
71 40006386 
72 40020645 
73 40034723 
74 40048617 
75 40062308 
76 40075850 
77 40089188 
78 40102352 
79 40115353 
80 40128190 
81 40140870 
82 40153396 
83 40165774 
84 40178006 
85 40190095 
86 40202043 
87 40213854 
88 40225526 
89 40237078 
90 40248501 
91 40259799 
92 40270975 
93 40282033 
94 40292974 
95 40303798 
96 40314514 
97 40325121 
98 40335601 
99 40345971 
100 40356244 
101 40366434 
102 40376523 
103 40386516 
104 40396396 
105 40406204 
106 40415928 
106 40425554 
53 40435132 
26 40454173 
13 40492060 
6 40567624 
6 40718528 
7 40869490 
8 41000697 
9 41116713 
10 41220695 
11 41314921 
12 41401073 
13 41480444 
14 41553970 
15 41622524 
16 41686674 
17 41746972 
18 41803884 
19 41857754 
20 41908892 
21 41957576 
22 42004023 
23 42048429 
24 42090954 
25 42131755 
26 42170948 
27 42208695 
28 42245090 
29 42280215 
30 42314172 
31 42347065 
32 42378907 
33 42409816 
34 42439785 
35 42468828 
36 42497097 
37 42524600 
38 42551380 
39 42577487 
40 42602904 
41 42627686 
42 42651893 
43 42675570 
44 42698703 
45 42721330 
46 42743432 
47 42765078 
48 42786241 
49 42807005 
50 42827371 
51 42847344 
52 42866889 
53 42886096 
54 42904943 
55 42923455 
56 42941642 
57 42959513 
58 42977086 
59 42994351 
60 43011315 
61 43028026 
62 43044458 
63 43060646 
64 43076575 
65 43092253 
66 43107694 
67 43122910 
68 43137903 
69 43152692 
70 43167284 
71 43181656 
72 43195827 
73 43209805 
74 43223573 
75 43237184 
76 43250616 
77 43263876 
78 43276966 
79 43289890 
80 43302656 
81 43315266 
82 43327709 
83 43340020 
84 43352185 
85 43364211 
86 43376093 
87 43387844 
88 43399464 
89 43410954 
90 43422317 
91 43433542 
92 43444663 
93 43455663 
94 43466553 
95 43477310 
96 43487975 
97 43498533 
98 43508982 
99 43519276 
99 43529517 
99 43539763 
49 43550010 
24 43570285 
12 43610643 
6 43691149 
6 43851944 
7 44012759 
8 44151287 
9 44273064 
10 44381694 
11 44479709 
12 44568995 
13 44650978 
14 44726829 
15 44797329 
16 44863225 
17 44925076 
18 44983374 
19 45038493 
20 45090671 
21 45140320 
22 45187640 
23 45232843 
24 45276074 
25 45317556 
26 45357410 
27 45395747 
28 45432700 
29 45468377 
30 45502797 
31 45536108 
32 45568354 
33 45599621 
34 45629953 
35 45659402 
36 45688012 
37 45715858 
38 45742923 
39 45769332 
40 45795061 
41 45820158 
42 45844678 
43 45868584 
44 45891975 
45 45914818 
46 45937146 
47 45959038 
48 45980493 
49 46001446 
50 46021973 
51 46042070 
52 46061814 
53 46081171 
54 46100179 
55 46118768 
56 46137038 
57 46155001 
58 46172685 
59 46190067 
60 46207165 
61 46223980 
62 46240530 
63 46256849 
64 46272886 
65 46288668 
66 46304207 
67 46319514 
68 46334566 
69 46349467 
70 46364133 
71 46378587 
72 46392850 
73 46406939 
74 46420808 
75 46434465 
76 46448008 
77 46461400 
78 46474643 
79 46487679 
80 46500561 
81 46513246 
82 46525781 
83 46538162 
84 46550394 
85 46562475 
86 46574418 
87 46586224 
88 46597893 
89 46609435 
90 46620850 
91 46632141 
92 46643310 
93 46654361 
94 46665295 
95 46676117 
96 46686828 
97 46697431 
98 46707926 
99 46718269 
100 46728556 
101 46738668 
102 46748752 
103 46758744 
104 46768639 
104 46778439 
52 46788243 
26 46807662 
13 46846262 
6 46923283 
6 47077033 
7 47230739 
8 47364083 
9 47481779 
10 47587074 
11 47682398 
12 47769408 
13 47849520 
14 47923656 
15 47992683 
16 48057268 
17 48118023 
18 48175293 
19 48229456 
20 48280871 
21 48329826 
22 48376514 
23 48421076 
24 48463807 
25 48504787 
26 48544157 
27 48582077 
28 48618582 
29 48653858 
30 48687948 
31 48720960 
32 48752915 
33 48783886 
34 48813935 
35 48843080 
36 48871447 
37 48899043 
38 48925913 
39 48952023 
40 48977577 
41 49002457 
42 49026754 
43 49050436 
44 49073623 
45 49096248 
46 49118403 
47 49140069 
48 49161328 
49 49182151 
50 49202556 
51 49222558 
52 49242177 
53 49261443 
54 49280326 
55 49298815 
56 49317048 
57 49334906 
58 49352480 
59 49369761 
60 49386703 
61 49403433 
62 49419898 
63 49436051 
64 49451954 
65 49467683 
66 49483204 
67 49498461 
68 49513485 
69 49528307 
70 49542929 
71 49557339 
72 49571541 
73 49585516 
74 49599305 
75 49612913 
76 49626365 
77 49639643 
78 49652705 
79 49665647 
80 49678430 
81 49691060 
82 49703532 
83 49715860 
84 49728043 
85 49740083 
86 49751935 
87 49763693 
88 49775330 
89 49786836 
90 49798216 
91 49809474 
92 49820610 
93 49831630 
94 49842532 
95 49853292 
96 49863970 
97 49874541 
98 49885005 
99 49895365 
100 49905620 
101 49915776 
101 49925836 
50 49935895 
25 49955822 
12 49995412 
6 50074427 
6 50232248 
7 50390068 
8 50526442 
9 50646506 
10 50753741 
11 50850655 
12 50939018 
13 51020236 
14 51095350 
15 51165247 
16 51230645 
17 51292046 
18 51349910 
19 51404627 
20 51456541 
21 51505907 
22 51552971 
23 51597937 
24 51640981 
25 51682204 
26 51721872 
27 51760042 
28 51796823 
29 51832311 
30 51866608 
31 51899778 
32 51931894 
33 51962985 
34 51993184 
35 52022506 
36 52050966 
37 52078659 
38 52105672 
39 52132003 
40 52157669 
41 52182643 
42 52207059 
43 52230862 
44 52254146 
45 52276918 
46 52299187 
47 52320981 
48 52342317 
49 52363216 
50 52383693 
51 52403771 
52 52423509 
53 52442849 
54 52461774 
55 52480388 
56 52498666 
57 52516626 
58 52534233 
59 52551549 
60 52568558 
61 52585318 
62 52601809 
63 52618054 
64 52634013 
65 52649738 
66 52665247 
67 52680527 
68 52695583 
69 52710421 
70 52725016 
71 52739440 
72 52753663 
73 52767705 
74 52781524 
75 52795151 
76 52808632 
77 52821937 
78 52835073 
79 52848042 
80 52860852 
81 52873508 
82 52886009 
83 52898372 
84 52910591 
85 52922661 
86 52934558 
87 52946326 
88 52957967 
89 52969472 
90 52980841 
91 52992120 
92 53003278 
93 53014256 
94 53025160 
95 53035969 
96 53046667 
97 53057255 
98 53067700 
99 53078024 
100 53088271 
101 53098443 
102 53108541 
103 53118488 
103 53128334 
103 53138216 
51 53148076 
25 53167640 
12 53206561 
6 53284243 
6 53439342 
7 53594436 
8 53728743 
9 53847171 
10 53953104 
11 54048921 
12 54136364 
13 54216823 
14 54291329 
15 54360688 
16 54425587 
17 54486557 
18 54544027 
19 54598461 
20 54650120 
21 54699252 
22 54746098 
23 54790859 
24 54833712 
25 54874808 
26 54914298 
27 54952251 
28 54988880 
29 55024184 
30 55058318 
31 55091321 
32 55123326 
33 55154317 
34 55184409 
35 55213572 
36 55241978 
37 55269616 
38 55296516 
39 55322729 
40 55348290 
41 55373236 
42 55397589 
43 55421364 
44 55444596 
45 55467349 
46 55489594 
47 55511310 
48 55532592 
49 55553416 
50 55573847 
51 55593875 
52 55613511 
53 55632784 
54 55651658 
55 55670167 
56 55688388 
57 55706312 
58 55723924 
59 55741236 
60 55758263 
61 55775012 
62 55791489 
63 55807708 
64 55823675 
65 55839403 
66 55854898 
67 55870155 
68 55885151 
69 55899977 
70 55914585 
71 55928985 
72 55943187 
73 55957196 
74 55971018 
75 55984657 
76 55998093 
77 56011382 
78 56024498 
79 56037451 
80 56050247 
81 56062885 
82 56075370 
83 56087706 
84 56099897 
85 56111945 
86 56123855 
87 56135630 
88 56147274 
89 56158721 
90 56170109 
91 56181379 
92 56192522 
93 56203543 
94 56214450 
95 56225250 
96 56235934 
97 56246507 
98 56256976 
99 56267347 
100 56277597 
100 56287758 
100 56297919 
50 56308087 
25 56328206 
12 56368207 
6 56448028 
6 56607487 
7 56766987 
8 56904599 
9 57025606 
10 57133592 
11 57231091 
12 57319965 
13 57401576 
14 57477137 
15 57547442 
16 57613130 
17 57674780 
18 57732897 
19 57787835 
20 57839913 
21 57889459 
22 57936691 
23 57981785 
24 58024967 
25 58066370 
26 58106140 
27 58144368 
28 58181256 
29 58216840 
30 58251204 
31 58284407 
32 58316589 
33 58347759 
34 58378023 
35 58407408 
36 58435907 
37 58463676 
38 58490709 
39 58517042 
40 58542667 
41 58567703 
42 58592140 
43 58615928 
44 58639217 
45 58662009 
46 58684303 
47 58706119 
48 58727479 
49 58748405 
50 58768908 
51 58789048 
52 58808785 
53 58828121 
54 58847097 
55 58865744 
56 58884044 
57 58901951 
58 58919613 
59 58936924 
60 58953967 
61 58970765 
62 58987315 
63 59003569 
64 59019595 
65 59035337 
66 59050880 
67 59066177 
68 59081245 
69 59096096 
70 59110672 
71 59125112 
72 59139349 
73 59153325 
74 59167181 
75 59180856 
76 59194313 
77 59207632 
78 59220781 
79 59233764 
80 59246591 
81 59259190 
82 59271701 
83 59284062 
84 59296276 
85 59308350 
86 59320284 
87 59332078 
88 59343678 
89 59355179 
90 59366596 
91 59377878 
92 59389043 
93 59400089 
94 59410983 
95 59421798 
96 59432501 
97 59443061 
98 59453546 
99 59463935 
100 59474199 
101 59484333 
102 59494418 
102 59504405 
102 59514389 
51 59524376 
25 59544116 
12 59583441 
6 59661869 
6 59818525 
7 59975170 
8 60111175 
9 60230558 
10 60337250 
11 60433692 
12 60521678 
13 60602583 
14 60677395 
15 60747084 
16 60812276 
17 60873505 
18 60931160 
19 60985730 
20 61037522 
21 61086769 
22 61133719 
23 61178586 
24 61221487 
25 61262707 
26 61302294 
27 61340391 
28 61377087 
29 61412447 
30 61446648 
31 61479773 
32 61511837 
33 61542919 
34 61573074 
35 61602354 
36 61630761 
37 61658428 
38 61685352 
39 61711605 
40 61737214 
41 61762216 
42 61786609 
43 61810456 
44 61833740 
45 61856444 
46 61878649 
47 61900402 
48 61921750 
49 61942641 
50 61963081 
51 61983128 
52 62002836 
53 62022168 
54 62041123 
55 62059720 
56 62077924 
57 62095865 
58 62113500 
59 62130836 
60 62147886 
61 62164660 
62 62181159 
63 62197394 
64 62213377 
65 62229111 
66 62244577 
67 62259863 
68 62274909 
69 62289736 
70 62304355 
71 62318717 
72 62332906 
73 62346928 
74 62360760 
75 62374412 
76 62387884 
77 62401183 
78 62414310 
79 62427240 
80 62440038 
81 62452684 
82 62465177 
83 62477520 
84 62489724 
85 62501733 
86 62513651 
87 62525436 
88 62537085 
89 62548607 
90 62560000 
91 62571271 
92 62582402 
93 62593415 
94 62604330 
95 62615079 
96 62625771 
97 62636284 
98 62646762 
99 62657136 
100 62667406 
101 62677574 
101 62687615 
101 62697687 
50 62707759 
25 62727692 
12 62767353 
6 62846462 
6 63004471 
7 63162504 
8 63299031 
9 63419173 
10 63526460 
11 63623404 
12 63711886 
13 63793188 
14 63868333 
15 63938256 
16 64003628 
17 64065051 
18 64122941 
19 64177686 
20 64229609 
21 64278989 
22 64326064 
23 64371043 
24 64414104 
25 64455394 
26 64495099 
27 64533282 
28 64570068 
29 64605568 
30 64639863 
31 64673033 
32 64705163 
33 64736315 
34 64766532 
35 64795905 
36 64824442 
37 64852134 
38 64879098 
39 64905369 
40 64930960 
41 64955914 
42 64980337 
43 65004161 
44 65027446 
45 65050212 
46 65072476 
47 65094277 
48 65115614 
49 65136490 
50 65156960 
51 65177062 
52 65196778 
53 65216139 
54 65235042 
55 65253655 
56 65271931 
57 65289893 
58 65307571 
59 65324946 
60 65342006 
61 65358814 
62 65375356 
63 65391612 
64 65407625 
65 65423420 
66 65438900 
67 65454184 
68 65469205 
69 65484049 
70 65498678 
71 65513103 
72 65527301 
73 65541331 
74 65555141 
75 65568794 
76 65582283 
77 65595574 
78 65608649 
79 65621622 
80 65634431 
81 65647086 
82 65659566 
83 65671922 
84 65684131 
85 65696203 
86 65708110 
87 65719882 
88 65731550 
89 65743078 
90 65754481 
91 65765738 
92 65776895 
93 65787934 
94 65798855 
95 65809666 
96 65820371 
97 65830911 
98 65841359 
99 65851707 
100 65861980 
101 65872123 
102 65882173 
102 65892125 
102 65902070 
51 65911986 
25 65931738 
12 65971030 
6 66049411 
6 66205981 
7 66362561 
8 66497981 
9 66617305 
10 66723948 
11 66820345 
12 66908347 
13 66989242 
14 67064131 
15 67133873 
16 67199102 
17 67260325 
18 67318030 
19 67372621 
20 67424387 
21 67473634 
22 67520594 
23 67565459 
24 67608411 
25 67649611 
26 67689206 
27 67727275 
28 67764000 
29 67799478 
30 67833717 
31 67866886 
32 67898976 
33 67930054 
34 67960222 
35 67989509 
36 68017971 
37 68045671 
38 68072629 
39 68098850 
40 68124514 
41 68149517 
42 68173892 
43 68197699 
44 68220959 
45 68243706 
46 68265899 
47 68287661 
48 68308984 
49 68329860 
50 68350312 
51 68370362 
52 68389977 
53 68409275 
54 68428210 
55 68446830 
56 68465113 
57 68483056 
58 68500692 
59 68517978 
60 68534978 
61 68551730 
62 68568213 
63 68584432 
64 68600417 
65 68616156 
66 68631658 
67 68646896 
68 68661944 
69 68676773 
70 68691394 
71 68705825 
72 68720044 
73 68734036 
74 68747863 
75 68761513 
76 68774987 
77 68788285 
78 68801389 
79 68814333 
80 68827104 
81 68839748 
82 68852193 
83 68864516 
84 68876667 
85 68888687 
86 68900634 
87 68912445 
88 68924084 
89 68935609 
90 68947006 
91 68958279 
92 68969431 
93 68980461 
94 68991349 
95 69002140 
96 69012832 
97 69023414 
98 69033889 
99 69044261 
100 69054532 
101 69064701 
102 69074773 
102 69084699 
102 69094673 
51 69104616 
25 69124350 
12 69163624 
6 69241918 
6 69398389 
7 69554867 
8 69690236 
9 69809525 
10 69916145 
11 70012523 
12 70100458 
13 70181311 
14 70256148 
15 70325807 
16 70390958 
17 70452145 
18 70509828 
19 70564403 
20 70616219 
21 70665514 
22 70712508 
23 70757380 
24 70800329 
25 70841452 
26 70881036 
27 70919068 
28 70955768 
29 70991189 
30 71025415 
31 71058524 
32 71090584 
33 71121656 
34 71151757 
35 71181037 
36 71209443 
37 71237116 
38 71264071 
39 71290327 
40 71315880 
41 71340846 
42 71365210 
43 71389003 
44 71412262 
45 71434998 
46 71457237 
47 71478967 
48 71500300 
49 71521168 
50 71541626 
51 71561677 
52 71581346 
53 71600615 
54 71619542 
55 71638132 
56 71656392 
57 71674291 
58 71691888 
59 71709221 
60 71726277 
61 71743057 
62 71759553 
63 71775788 
64 71791768 
65 71807503 
66 71822939 
67 71838209 
68 71853252 
69 71868081 
70 71882707 
71 71897121 
72 71911304 
73 71925322 
74 71939155 
75 71952804 
76 71966275 
77 71979571 
78 71992701 
79 72005668 
80 72018444 
81 72031056 
82 72043499 
83 72055817 
84 72067993 
85 72080065 
86 72091984 
87 72103770 
88 72115391 
89 72126913 
90 72138306 
91 72149576 
92 72160723 
93 72171751 
94 72182667 
95 72193469 
96 72204161 
97 72214669 
98 72225144 
99 72235464 
100 72245728 
101 72255897 
101 72265967 
101 72275992 
50 72286012 
25 72305922 
12 72345556 
6 72424659 
6 72582672 
7 72740683 
8 72877178 
9 72997336 
10 73104659 
11 73201609 
12 73290050 
13 73371304 
14 73446488 
15 73516445 
16 73581873 
17 73643271 
18 73701174 
19 73755904 
20 73807865 
21 73857225 
22 73904272 
23 73949246 
24 73992285 
25 74033587 
26 74073266 
27 74111407 
28 74148196 
29 74183681 
30 74217930 
31 74251053 
32 74283153 
33 74314287 
34 74344498 
35 74373829 
36 74402337 
37 74430062 
38 74457050 
39 74483346 
40 74508977 
41 74533977 
42 74558387 
43 74582217 
44 74605500 
45 74628235 
46 74650495 
47 74672256 
48 74693584 
49 74714483 
50 74734961 
51 74755047 
52 74774668 
53 74793910 
54 74812865 
55 74831477 
56 74849753 
57 74867710 
58 74885361 
59 74902711 
60 74919738 
61 74936490 
62 74953001 
63 74969194 
64 74985123 
65 75000867 
66 75016380 
67 75031662 
68 75046670 
69 75061510 
70 75076138 
71 75090564 
72 75104788 
73 75118757 
74 75132580 
75 75146223 
76 75159707 
77 75173016 
78 75186154 
79 75199072 
80 75211880 
81 75224536 
82 75237014 
83 75249365 
84 75261573 
85 75273637 
86 75285564 
87 75297356 
88 75309011 
89 75320540 
90 75331939 
91 75343161 
92 75354313 
93 75365346 
94 75376238 
95 75387013 
96 75397710 
97 75408297 
98 75418729 
99 75429099 
100 75439346 
101 75449521 
102 75459598 
102 75469567 
102 75479546 
51 75489523 
25 75509276 
12 75548571 
6 75626918 
6 75783474 
7 75940021 
8 76075434 
9 76194762 
10 76301404 
11 76397805 
12 76485694 
13 76566570 
14 76641428 
15 76711058 
16 76776238 
17 76837405 
18 76895122 
19 76949710 
20 77001480 
21 77050729 
22 77097680 
23 77142540 
24 77185504 
25 77226660 
26 77266214 
27 77304316 
28 77341082 
29 77376535 
30 77410706 
31 77443812 
32 77475873 
33 77506892 
34 77537041 
35 77566321 
36 77594782 
37 77622467 
38 77649423 
39 77675681 
40 77701227 
41 77726185 
42 77750555 
43 77774364 
44 77797617 
45 77820349 
46 77842604 
47 77864368 
48 77885693 
49 77906596 
50 77927021 
51 77947068 
52 77966732 
53 77985995 
54 78004928 
55 78023520 
56 78041751 
57 78059664 
58 78077292 
59 78094622 
60 78111638 
61 78128374 
62 78144868 
63 78161068 
64 78177049 
65 78192786 
66 78208283 
67 78223549 
68 78238599 
69 78253427 
70 78268041 
71 78282452 
72 78296668 
73 78310688 
74 78324522 
75 78338170 
76 78351649 
77 78364948 
78 78378060 
79 78391041 
80 78403845 
81 78416491 
82 78428986 
83 78441324 
84 78453490 
85 78465543 
86 78477460 
87 78489244 
88 78500893 
89 78512413 
90 78523751 
91 78535017 
92 78546137 
93 78557162 
94 78568077 
95 78578880 
96 78589571 
97 78600153 
98 78610610 
99 78620979 
100 78631246 
101 78641371 
101 78651402 
50 78661471 
25 78681382 
12 78721037 
6 78800140 
6 78958184 
7 79116214 
8 79252711 
9 79372862 
10 79480170 
11 79577120 
12 79665547 
13 79746815 
14 79822017 
15 79891985 
16 79957435 
17 80018841 
18 80076730 
19 80131454 
20 80183380 
21 80232756 
22 80279832 
23 80324826 
24 80367843 
25 80409109 
26 80448767 
27 80486924 
28 80523721 
29 80559248 
30 80593523 
31 80626694 
32 80658816 
33 80689925 
34 80720058 
35 80749382 
36 80777890 
37 80805619 
38 80832621 
39 80858886 
40 80884531 
41 80909568 
42 80933960 
43 80957789 
44 80981075 
45 81003840 
46 81026090 
47 81047873 
48 81069219 
49 81090114 
50 81110596 
51 81130669 
52 81150360 
53 81169674 
54 81188647 
55 81207230 
56 81225510 
57 81243456 
58 81261107 
59 81278435 
60 81295474 
61 81312249 
62 81328761 
63 81345011 
64 81361005 
65 81376756 
66 81392273 
67 81407560 
68 81422623 
69 81437467 
70 81452095 
71 81466523 
72 81480766 
73 81494808 
74 81508667 
75 81522325 
76 81535799 
77 81549108 
78 81562243 
79 81575212 
80 81588025 
81 81600678 
82 81613185 
83 81625521 
84 81637727 
85 81649792 
86 81661715 
87 81673503 
88 81685138 
89 81696667 
90 81708075 
91 81719321 
92 81730474 
93 81741511 
94 81752415 
95 81763224 
96 81773923 
97 81784464 
98 81794946 
99 81805323 
100 81815598 
101 81825775 
102 81835852 
103 81845831 
103 81855715 
103 81865596 
51 81875453 
25 81895007 
12 81933969 
6 82011666 
6 82166723 
7 82321778 
8 82456056 
9 82574491 
10 82680419 
11 82776248 
12 82863726 
13 82944184 
14 83018701 
15 83088071 
16 83152969 
17 83213939 
18 83271428 
19 83325862 
20 83377540 
21 83426649 
22 83473474 
23 83518206 
24 83561086 
25 83602207 
26 83641712 
27 83679748 
28 83716413 
29 83751790 
30 83786004 
31 83819032 
32 83851093 
33 83882124 
34 83912213 
35 83941448 
36 83969843 
37 83997466 
38 84024372 
39 84050589 
40 84076140 
41 84101067 
42 84125444 
43 84149213 
44 84172435 
45 84195136 
46 84217356 
47 84239094 
48 84260371 
49 84281218 
50 84301640 
51 84321682 
52 84341328 
53 84360598 
54 84379521 
55 84398093 
56 84416305 
57 84434226 
58 84451813 
59 84469123 
60 84486175 
61 84502922 
62 84519366 
63 84535541 
64 84551479 
65 84567254 
66 84582745 
67 84597967 
68 84613006 
69 84627825 
70 84642430 
71 84656844 
72 84671082 
73 84685092 
74 84698878 
75 84712516 
76 84725932 
77 84739217 
78 84752350 
79 84765304 
80 84778098 
81 84790663 
82 84803077 
83 84815408 
84 84827547 
85 84839596 
86 84851508 
87 84863288 
88 84874931 
89 84886417 
90 84897803 
91 84909066 
92 84920208 
93 84931231 
94 84942141 
95 84952934 
96 84963620 
97 84974197 
98 84984647 
99 84994979 
100 85005244 
100 85015408 
100 85025569 
50 85035732 
25 85055819 
12 85095850 
6 85175697 
6 85335128 
7 85494609 
8 85632184 
9 85753184 
10 85861169 
11 85958667 
12 86047540 
13 86129192 
14 86204682 
15 86274913 
16 86340570 
17 86402159 
18 86460235 
19 86515158 
20 86567215 
21 86616738 
22 86663945 
23 86709020 
24 86752169 
25 86793561 
26 86833314 
27 86871581 
28 86908448 
29 86944017 
30 86978382 
31 87011625 
32 87043828 
33 87075030 
34 87105319 
35 87134678 
36 87163235 
37 87191029 
38 87218075 
39 87244440 
40 87270122 
41 87295137 
42 87319558 
43 87343436 
44 87366670 
45 87389433 
46 87411725 
47 87433543 
48 87454904 
49 87475828 
50 87496334 
51 87516434 
52 87536114 
53 87555383 
54 87574277 
55 87592833 
56 87611057 
57 87628961 
58 87646582 
59 87663877 
60 87680881 
61 87697605 
62 87714128 
63 87730407 
64 87746428 
65 87762143 
66 87777602 
67 87792823 
68 87807818 
69 87822581 
70 87837149 
71 87851526 
72 87865697 
73 87879679 
74 87893502 
75 87907111 
76 87920517 
77 87933821 
78 87946916 
79 87959829 
80 87972596 
81 87985231 
82 87997690 
83 88009988 
84 88022130 
85 88034120 
86 88045989 
87 88057704 
88 88069279 
89 88080739 
90 88092101 
91 88103295 
92 88114372 
93 88125343 
94 88136219 
95 88147009 
96 88157714 
97 88168259 
98 88178702 
99 88189079 
100 88199360 
101 88209543 
102 88219573 
103 88229553 
103 88239440 
51 88249332 
25 88268866 
12 88307811 
6 88385487 
6 88540599 
7 88695703 
8 88830052 
9 88948532 
10 89054507 
11 89150368 
12 89237873 
13 89318314 
14 89392868 
15 89462231 
16 89527183 
17 89588190 
18 89645697 
19 89700125 
20 89751742 
21 89800840 
22 89847713 
23 89892481 
24 89935269 
25 89976369 
26 90015879 
27 90053890 
28 90090527 
29 90125823 
30 90159986 
31 90193051 
32 90225061 
33 90256085 
34 90286166 
35 90315421 
36 90343845 
37 90371456 
38 90398365 
39 90424597 
40 90450153 
41 90475075 
42 90499409 
43 90523174 
44 90546398 
45 90569101 
46 90591276 
47 90613010 
48 90634291 
49 90655138 
50 90675564 
51 90695609 
52 90715252 
53 90734524 
54 90753450 
55 90772043 
56 90790291 
57 90808214 
58 90825826 
59 90843159 
60 90860193 
61 90876940 
62 90893457 
63 90909760 
64 90925771 
65 90941534 
66 90957054 
67 90972347 
68 90987395 
69 91002185 
70 91016770 
71 91031128 
72 91045352 
73 91059364 
74 91073189 
75 91086828 
76 91100286 
77 91113573 
78 91126694 
79 91139666 
80 91152469 
81 91165107 
82 91177591 
83 91189926 
84 91202066 
85 91214049 
86 91225899 
87 91237658 
88 91249303 
89 91260816 
90 91272205 
91 91283472 
92 91294616 
93 91305641 
94 91316549 
95 91327344 
96 91338030 
97 91348604 
98 91359042 
99 91369404 
100 91379666 
100 91389828 
100 91399991 
50 91410158 
25 91430275 
12 91470296 
6 91550164 
6 91709663 
7 91869162 
8 92006777 
9 92127789 
10 92235780 
11 92333301 
12 92422182 
13 92503839 
14 92579326 
15 92649567 
16 92715230 
17 92776869 
18 92834921 
19 92889778 
20 92941856 
21 92991376 
22 93038585 
23 93083683 
24 93126782 
25 93168141 
26 93207934 
27 93246171 
28 93283041 
29 93318594 
30 93352936 
31 93386155 
32 93418289 
33 93449478 
34 93479714 
35 93509119 
36 93537667 
37 93565438 
38 93592473 
39 93618762 
40 93644418 
41 93669433 
42 93693868 
43 93717745 
44 93741066 
45 93763873 
46 93786172 
47 93807996 
48 93829358 
49 93850283 
50 93870785 
51 93890882 
52 93910607 
53 93929945 
54 93948921 
55 93967524 
56 93985806 
57 94003778 
58 94021450 
59 94038800 
60 94055880 
61 94072673 
62 94089181 
63 94105446 
64 94121459 
65 94137227 
66 94152761 
67 94168058 
68 94183114 
69 94197952 
70 94212592 
71 94227030 
72 94241267 
73 94255314 
74 94269168 
75 94282818 
76 94296312 
77 94309631 
78 94322781 
79 94335733 
80 94348554 
81 94361193 
82 94373703 
83 94386063 
84 94398282 
85 94410309 
86 94422246 
87 94434042 
88 94445704 
89 94457220 
90 94468629 
91 94479849 
92 94491008 
93 94502053 
94 94512982 
95 94523797 
96 94534451 
97 94545042 
98 94555509 
99 94565895 
100 94576176 
101 94586358 
102 94596442 
103 94606428 
103 94616318 
51 94626162 
25 94645676 
12 94684620 
6 94762293 
6 94917394 
7 95072520 
8 95206814 
9 95325297 
10 95431240 
11 95527063 
12 95614585 
13 95695090 
14 95769629 
15 95838966 
16 95903892 
17 95964880 
18 96022379 
19 96076775 
20 96128384 
21 96177477 
22 96224295 
23 96268996 
24 96311839 
25 96352902 
26 96392359 
27 96430371 
28 96467003 
29 96502320 
30 96536475 
31 96569520 
32 96601536 
33 96632567 
34 96662645 
35 96691877 
36 96720291 
37 96747932 
38 96774775 
39 96800991 
40 96826541 
41 96851448 
42 96875777 
43 96899518 
44 96922672 
45 96945374 
46 96967579 
47 96989318 
48 97010600 
49 97031451 
50 97051840 
51 97071842 
52 97091493 
53 97110764 
54 97129679 
55 97148175 
56 97166410 
57 97184305 
58 97201916 
59 97219172 
60 97236195 
61 97252943 
62 97269387 
63 97285603 
64 97301544 
65 97317265 
66 97332724 
67 97347976 
68 97362975 
69 97377791 
70 97392390 
71 97406792 
72 97420991 
73 97434951 
74 97448769 
75 97462400 
76 97475829 
77 97489113 
78 97502229 
79 97515147 
80 97527939 
81 97540576 
82 97553061 
83 97565389 
84 97577580 
85 97589628 
86 97601540 
87 97613311 
88 97624926 
89 97636436 
90 97647826 
91 97659092 
92 97670190 
93 97681154 
94 97692061 
95 97702857 
96 97713544 
97 97724096 
98 97734562 
99 97744923 
100 97755182 
101 97765344 
101 97775381 
50 97785419 
25 97805340 
12 97844970 
6 97924030 
6 98081942 
7 98239855 
8 98376233 
9 98496329 
10 98603590 
11 98700501 
12 98788832 
13 98870071 
14 98945235 
15 99015173 
16 99080564 
17 99141968 
18 99199844 
19 99254572 
20 99306485 
21 99355856 
22 99402923 
23 99447892 
24 99490891 
25 99532177 
26 99571847 
27 99610020 
28 99646768 
29 99682259 
30 99716550 
31 99749722 
32 99781841 
33 99812969 
34 99843137 
35 99872465 
36 99900970 
37 99928700 
38 99955667 
39 99981921 
40 100007547 
41 100032545 
42 100056957 
43 100080816 
44 100104101 
45 100126864 
46 100149142 
47 100170940 
48 100192253 
49 100213143 
50 100233615 
51 100253649 
52 100273332 
53 100292643 
54 100311535 
55 100330145 
56 100348441 
57 100366450 
58 100384105 
59 100401438 
60 100418477 
61 100435223 
62 100451718 
63 100467944 
64 100483945 
65 100499677 
66 100515153 
67 100530437 
68 100545498 
69 100560319 
70 100574935 
71 100589363 
72 100603601 
73 100617633 
74 100631473 
75 100645132 
76 100658613 
77 100671898 
78 100684966 
79 100697934 
80 100710669 
81 100723325 
82 100735826 
83 100748179 
84 100760333 
85 100772395 
86 100784323 
87 100796114 
88 100807719 
89 100819226 
90 100830629 
91 100841905 
92 100852994 
93 100863948 
94 100874866 
95 100885639 
96 100896310 
97 100906834 
98 100917319 
99 100927697 
100 100937906 
101 100948083 
102 100958108 
103 100968004 
103 100977884 
51 100987769 
25 101007279 
12 101046180 
6 101123803 
6 101278774 
7 101433812 
8 101568032 
9 101686457 
10 101792388 
11 101888184 
12 101975600 
13 102056120 
14 102130635 
15 102200011 
16 102264917 
17 102325884 
18 102383368 
19 102437735 
20 102489290 
21 102538374 
22 102585132 
23 102629805 
24 102672625 
25 102713719 
26 102753208 
27 102791214 
28 102827812 
29 102863170 
30 102897331 
31 102930345 
32 102962336 
33 102993359 
34 103023464 
35 103052704 
36 103081118 
37 103108719 
38 103135587 
39 103161797 
40 103187346 
41 103212297 
42 103236615 
43 103260379 
44 103283601 
45 103306270 
46 103328440 
47 103350173 
48 103371422 
49 103392268 
50 103412693 
51 103432738 
52 103452378 
53 103471650 
54 103490563 
55 103509134 
56 103527376 
57 103545298 
58 103562912 
59 103580226 
60 103597256 
61 103614005 
62 103630486 
63 103646704 
64 103662673 
65 103678397 
66 103693868 
67 103709121 
68 103724154 
69 103738951 
70 103753552 
71 103767954 
72 103782153 
73 103796131 
74 103809964 
75 103823602 
76 103837065 
77 103850353 
78 103863469 
79 103876424 
80 103889219 
81 103901826 
82 103914287 
83 103926617 
84 103938783 
85 103950841 
86 103962699 
87 103974478 
88 103986160 
89 103997670 
90 104009056 
91 104020319 
92 104031463 
93 104042488 
94 104053396 
95 104064189 
96 104074873 
97 104085391 
98 104095855 
99 104106136 
100 104116386 
101 104126523 
102 104136578 
102 104146546 
51 104156514 
25 104176209 
12 104215459 
6 104293749 
6 104450116 
7 104606490 
8 104741768 
9 104860968 
10 104967490 
11 105063821 
12 105151667 
13 105232478 
14 105307295 
15 105376911 
16 105442019 
17 105503157 
18 105560831 
19 105615346 
20 105667094 
21 105716302 
22 105763246 
23 105808113 
24 105851109 
25 105892327 
26 105931946 
27 105970045 
28 106006672 
29 106042051 
30 106076262 
31 106109375 
32 106141426 
33 106172498 
34 106202643 
35 106231894 
36 106260358 
37 106287998 
38 106314959 
39 106341203 
40 106366804 
41 106391733 
42 106416096 
43 106439887 
44 106463146 
45 106485879 
46 106508106 
47 106529864 
48 106551167 
49 106572051 
50 106592510 
51 106612555 
52 106632218 
53 106651512 
54 106670443 
55 106689033 
56 106707290 
57 106725227 
58 106742832 
59 106760169 
60 106777218 
61 106793983 
62 106810482 
63 106826723 
64 106842659 
65 106858381 
66 106873799 
67 106889041 
68 106904085 
69 106918879 
70 106933509 
71 106947924 
72 106962140 
73 106976162 
74 106989994 
75 107003640 
76 107017111 
77 107030360 
78 107043463 
79 107056422 
80 107069206 
81 107081846 
82 107094334 
83 107106667 
84 107118816 
85 107130849 
86 107142735 
87 107154517 
88 107166169 
89 107177672 
90 107189068 
91 107200341 
92 107211462 
93 107222494 
94 107233385 
95 107244164 
96 107254855 
97 107265456 
98 107275931 
99 107286303 
100 107296573 
101 107306742 
102 107316810 
102 107326718 
51 107336690 
25 107356445 
12 107395723 
6 107474066 
6 107630523 
7 107786978 
8 107922318 
9 108041572 
10 108148165 
11 108244511 
12 108332437 
13 108413316 
14 108488157 
15 108557784 
16 108622904 
17 108684103 
18 108741803 
19 108796368 
20 108848119 
21 108897310 
22 108944239 
23 108989098 
24 109032055 
25 109073195 
26 109112773 
27 109150861 
28 109187585 
29 109223010 
30 109257233 
31 109290340 
32 109322394 
33 109353469 
34 109383619 
35 109412909 
36 109441363 
37 109469043 
38 109495992 
39 109522241 
40 109547834 
41 109572796 
42 109597161 
43 109620956 
44 109644208 
45 109666937 
46 109689174 
47 109710883 
48 109732184 
49 109753024 
50 109773475 
51 109793524 
52 109813136 
53 109832383 
54 109851268 
55 109869778 
56 109888033 
57 109905942 
58 109923566 
59 109940897 
60 109957938 
61 109974672 
62 109991169 
63 110007380 
64 110023359 
65 110039094 
66 110054596 
67 110069864 
68 110084843 
69 110099673 
70 110114291 
71 110128703 
72 110142917 
73 110156938 
74 110170770 
75 110184417 
76 110197883 
77 110211146 
78 110224275 
79 110237237 
80 110250039 
81 110262630 
82 110275120 
83 110287455 
84 110299658 
85 110311717 
86 110323638 
87 110335393 
88 110347044 
89 110358564 
90 110369955 
91 110381225 
92 110392374 
93 110403405 
94 110414321 
95 110425124 
96 110435780 
97 110446362 
98 110456839 
99 110467178 
100 110477445 
101 110487614 
102 110497686 
102 110507661 
51 110517604 
25 110537337 
12 110576610 
6 110654943 
6 110811447 
7 110967937 
8 111103284 
9 111222590 
10 111329200 
11 111425528 
12 111513474 
13 111594337 
14 111669181 
15 111738900 
16 111804073 
17 111865266 
18 111922940 
19 111977545 
20 112029301 
21 112078538 
22 112125539 
23 112170467 
24 112213461 
25 112254695 
26 112294280 
27 112332369 
28 112369026 
29 112404443 
30 112438619 
31 112471724 
32 112503782 
33 112534861 
34 112565051 
35 112594382 
36 112622892 
37 112650594 
38 112677589 
39 112703872 
40 112729472 
41 112754436 
42 112778770 
43 112802605 
44 112825857 
45 112848588 
46 112870829 
47 112892591 
48 112913894 
49 112934725 
50 112955175 
51 112975185 
52 112994821 
53 113014120 
54 113033072 
55 113051619 
56 113069876 
57 113087858 
58 113105465 
59 113122797 
60 113139840 
61 113156607 
62 113173101 
63 113189341 
64 113205324 
65 113221070 
66 113236554 
67 113251834 
68 113266850 
69 113281679 
70 113296298 
71 113310665 
72 113324880 
73 113338902 
74 113352730 
75 113366380 
76 113379850 
77 113393148 
78 113406277 
79 113419239 
80 113432005 
81 113444647 
82 113457141 
83 113469485 
84 113481685 
85 113493741 
86 113505635 
87 113517348 
88 113528997 
89 113540516 
90 113551877 
91 113563147 
92 113574276 
93 113585305 
94 113596218 
95 113606980 
96 113617669 
97 113628228 
98 113638603 
99 113648938 
100 113659173 
101 113669309 
102 113679344 
103 113689285 
103 113699168 
103 113709050 
51 113718930 
25 113738455 
12 113777348 
6 113854925 
6 114009899 
7 114164862 
8 114299045 
9 114417397 
10 114523266 
11 114619060 
12 114706458 
13 114786839 
14 114861247 
15 114930542 
16 114995352 
17 115056229 
18 115113631 
19 115167961 
20 115219492 
21 115268499 
22 115315268 
23 115359938 
24 115402700 
25 115443730 
26 115483204 
27 115521188 
28 115557814 
29 115593117 
30 115627193 
31 115660183 
32 115692119 
33 115723094 
34 115753126 
35 115782348 
