0 12 
1986 90279 
3936 90968 
3936 91323 
7761 91807 
7761 92006 
9636 92264 
11486 92480 
13311 92679 
15111 92865 
16886 93043 
18636 93213 
20361 93376 
22061 93535 
23736 93690 
25386 93841 
27011 93990 
28611 94136 
30186 94280 
31736 94424 
33261 94565 
34761 94704 
36236 94842 
37686 94979 
39111 95114 
40511 95249 
41886 95383 
43236 95515 
44561 95648 
45861 95779 
47136 95910 
48386 96040 
49611 96181 
50811 96311 
50811 96387 
51986 96515 
54261 96695 
55361 96822 
56436 96950 
57486 97076 
58511 97202 
59511 97329 
60486 97454 
61436 97579 
62361 97704 
63261 97830 
64136 97954 
64986 98080 
64986 98152 
66611 98331 
67386 98462 
68136 98587 
68861 98710 
69561 98834 
70236 98958 
70886 99081 
70886 99151 
71511 99275 
72686 99450 
73236 99572 
73236 99641 
73761 99764 
74736 99939 
75186 100061 
75186 100131 
75611 100254 
76386 100430 
76736 100553 
76736 100622 
77061 100745 
77636 100919 
77886 101040 
77886 101109 
78111 101230 
78486 101404 
78636 101525 
78636 101594 
78761 101715 
78936 101889 
78986 102011 
78986 102079 
79011 102202 
79011 102333 
78936 102506 
78861 102627 
78861 102695 
78761 102816 
78486 102989 
78311 103111 
78111 103232 
77886 103352 
77636 103473 
77361 103594 
77061 103715 
76736 103836 
76386 103958 
76011 104080 
75611 104203 
75186 104326 
75186 104395 
74736 104517 
73236 104724 
73236 104799 
73236 104868 
72111 105043 
71511 105165 
70886 105287 
70886 105357 
70236 105481 
68861 105656 
68136 105780 
67386 105903 
66611 106026 
65811 106150 
64986 106275 
64136 106400 
63261 106524 
62361 106648 
61436 106773 
60486 106898 
59511 107023 
58511 107148 
57486 107273 
56436 107388 
55361 107523 
54261 107652 
53136 107782 
51986 107910 
50811 108038 
49611 108180 
48386 108312 
47136 108442 
45861 108572 
44561 108702 
43236 108833 
41886 108965 
40511 109098 
39111 109231 
37686 109365 
36236 109500 
34761 109636 
33261 109773 
31736 109912 
30186 110053 
28611 110195 
27011 110338 
25386 110484 
23736 110632 
22061 110782 
20361 110936 
18636 111095 
16886 111257 
15111 111426 
13311 111602 
11486 111787 
9636 111983 
5861 112257 
3936 112541 
1986 112907 
11 113556 
0 203708 
0 293935 
0 384147 
0 474335 
0 564554 
0 654766 
0 744982 
0 835192 
0 925423 
0 1015637 
0 1105914 
0 1196142 
0 1286368 
0 1376566 
0 1466777 
0 1557004 
0 1647223 
0 1737437 
0 1827653 
0 1917831 
0 2008037 
0 2098268 
0 2188477 
0 2278697 
0 2368878 
0 2459086 
0 2549300 
0 2639512 
0 2729727 
0 2819921 
0 2910152 
0 3000302 
0 3090537 
0 3180717 
0 3270947 
0 3361164 
0 3451374 
0 3541601 
0 3631864 
0 3722088 
0 3812276 
0 3902465 
0 3992677 
0 4082903 
0 4173126 
0 4263346 
0 4353523 
0 4443780 
0 4534023 
0 4624261 
0 4714443 
0 4804678 
0 4894899 
0 4985117 
0 5075315 
0 5165475 
0 5255659 
0 5345870 
0 5436080 
0 5526232 
0 5616407 
0 5706641 
0 5796882 
0 5887077 
0 5977278 
0 6067526 
0 6157736 
11 6247945 
36 6338220 
111 6366081 
186 6375289 
236 6380872 
286 6385316 
311 6388994 
311 6392417 
286 6395837 
236 6399542 
161 6403960 
61 6410351 
0 6426898 
0 6517125 
0 6607394 
0 6697642 
36 6787876 
111 6815804 
186 6825006 
236 6830598 
261 6835018 
286 6839056 
286 6842761 
261 6846468 
211 6850504 
136 6855447 
36 6863003 
0 6890895 
0 6981138 
0 7071365 
0 7161600 
36 7251819 
111 7279706 
186 7288895 
236 7294433 
261 7298901 
261 7302921 
236 7306967 
186 7311423 
136 7317016 
61 7324546 
0 7341073 
0 7431286 
0 7521518 
0 7611736 
36 7701947 
111 7729860 
186 7739072 
236 7744678 
261 7749123 
261 7753160 
261 7757198 
236 7761231 
186 7765677 
111 7771259 
11 7780479 
0 7870669 
0 7960888 
0 8051099 
36 8141346 
111 8169290 
186 8178544 
261 8184145 
311 8188209 
336 8191625 
336 8194821 
311 8198021 
261 8201469 
186 8205519 
86 8211112 
0 8222955 
0 8313174 
0 8403384 
0 8493592 
36 8583795 
86 8611630 
136 8623451 
186 8631005 
211 8636592 
211 8641505 
186 8646451 
136 8652032 
86 8659585 
11 8671405 
0 8761608 
0 8851851 
11 8942128 
61 9032361 
161 9048910 
261 9055367 
336 9059408 
386 9062603 
411 9065347 
411 9067997 
386 9070657 
336 9073461 
261 9076650 
186 9080704 
86 9086284 
0 9098122 
0 9188335 
0 9278496 
0 9368682 
11 9458890 
61 9549097 
161 9565624 
236 9572036 
286 9576479 
311 9580190 
336 9583608 
336 9586787 
311 9589969 
261 9593392 
186 9597432 
86 9603010 
0 9614762 
0 9704976 
0 9795217 
0 9885435 
36 9975644 
111 10003543 
186 10012715 
236 10018295 
261 10022737 
261 10026773 
236 10030812 
186 10035251 
136 10040833 
61 10048386 
0 10064891 
0 10155136 
0 10245375 
0 10335587 
36 10425804 
111 10453707 
186 10462943 
236 10468561 
261 10473022 
261 10477073 
236 10481122 
211 10485544 
161 10490494 
86 10496914 
0 10508701 
0 10598919 
0 10689135 
0 10779387 
36 10869649 
111 10897595 
186 10906830 
236 10912418 
261 10916877 
261 10920918 
236 10924964 
211 10929411 
161 10934355 
86 10940735 
0 10952567 
0 11042778 
0 11132958 
0 11223178 
36 11313389 
111 11341290 
186 11350498 
261 11356085 
311 11360121 
336 11363544 
336 11366727 
311 11369911 
261 11373332 
186 11377370 
86 11382886 
0 11394702 
0 11484875 
0 11575114 
0 11665353 
36 11755567 
86 11783456 
136 11795224 
186 11802789 
211 11808345 
211 11813320 
186 11818265 
136 11823849 
86 11831405 
11 11843225 
0 11933433 
0 12023663 
11 12113886 
61 12204096 
136 12220670 
211 12228248 
261 12233155 
286 12237189 
311 12240892 
311 12244317 
286 12247740 
236 12251437 
161 12255879 
61 12262288 
0 12278857 
0 12369090 
0 12459327 
0 12549550 
36 12639762 
111 12667665 
186 12676873 
236 12682424 
261 12686866 
261 12690902 
261 12694935 
236 12698954 
186 12703396 
111 12708979 
11 12718188 
0 12808385 
0 12898556 
0 12988811 
36 13079087 
111 13106991 
186 13116219 
236 13121830 
261 13126273 
261 13130310 
236 13134348 
211 13138791 
161 13143736 
86 13150152 
0 13161971 
0 13252182 
0 13342437 
0 13432689 
36 13522909 
111 13550789 
186 13560051 
261 13565648 
311 13569722 
336 13573199 
336 13576413 
311 13579631 
261 13583074 
186 13587128 
86 13592724 
0 13604576 
0 13694830 
0 13785067 
0 13875294 
36 13965459 
86 13993372 
136 14005191 
186 14012712 
211 14018292 
211 14023237 
186 14028185 
136 14033765 
86 14041321 
11 14053142 
0 14143351 
0 14233559 
11 14323766 
61 14413931 
161 14430429 
261 14436764 
336 14440723 
386 14443820 
411 14446530 
411 14449083 
386 14451635 
336 14454345 
261 14457439 
186 14461389 
86 14466895 
0 14478631 
0 14568771 
0 14658978 
0 14749203 
11 14839417 
61 14929624 
161 14946195 
236 14952575 
286 14957017 
311 14960721 
336 14964142 
336 14967303 
311 14970464 
261 14973897 
186 14977935 
86 14983514 
0 14995339 
0 15085546 
0 15175755 
0 15265921 
36 15356132 
111 15384024 
186 15393233 
236 15398833 
261 15403278 
261 15407318 
236 15411356 
186 15415764 
136 15421348 
61 15428902 
0 15445472 
0 15535687 
0 15625898 
0 15716047 
36 15806253 
111 15834150 
186 15843361 
236 15848944 
261 15853391 
261 15857429 
236 15861461 
211 15865903 
161 15870846 
86 15877256 
0 15889078 
0 15979287 
0 16069502 
0 16159720 
36 16249936 
111 16277845 
186 16287062 
236 16292644 
261 16297090 
261 16301126 
236 16305163 
186 16309608 
136 16315189 
61 16322744 
0 16339333 
0 16429550 
0 16519776 
11 16609985 
61 16700200 
161 16716772 
236 16723187 
286 16727631 
311 16731333 
336 16734756 
336 16737941 
311 16741093 
261 16744513 
186 16748551 
86 16754132 
0 16765952 
0 16856161 
0 16946371 
0 17036550 
11 17126768 
61 17216986 
161 17233582 
261 17240014 
336 17244058 
386 17247240 
411 17250036 
411 17252641 
386 17255228 
336 17258012 
261 17261193 
161 17265174 
61 17271589 
0 17288163 
0 17378395 
0 17468609 
0 17558817 
11 17649025 
61 17739254 
161 17755834 
261 17762248 
336 17766285 
386 17769466 
411 17772261 
411 17774899 
386 17777509 
336 17780246 
261 17783414 
161 17787451 
61 17793866 
0 17810437 
0 17900611 
0 17990824 
0 18081035 
11 18171246 
61 18261458 
161 18278028 
236 18284443 
286 18288886 
311 18292588 
336 18296010 
336 18299138 
311 18302319 
261 18305742 
186 18309782 
86 18315362 
0 18327186 
0 18417394 
0 18507667 
0 18597814 
36 18688021 
111 18715878 
186 18725088 
236 18730650 
261 18735091 
261 18739111 
236 18743147 
186 18747591 
136 18753176 
61 18760731 
0 18777305 
0 18867528 
0 18957711 
0 19047856 
36 19138062 
111 19165906 
186 19175118 
236 19180701 
261 19185157 
261 19189167 
236 19193203 
211 19197657 
161 19202600 
86 19209015 
0 19220837 
0 19311055 
0 19401280 
0 19491495 
36 19581705 
111 19609604 
186 19618788 
236 19624329 
261 19628752 
261 19632799 
236 19636837 
186 19641281 
136 19646863 
61 19654417 
0 19670954 
0 19761165 
0 19851378 
11 19941588 
61 20031773 
161 20048271 
236 20054668 
286 20059113 
311 20062816 
336 20066183 
336 20069368 
311 20072551 
261 20075971 
186 20080007 
86 20085592 
0 20097412 
0 20187621 
0 20277790 
0 20367960 
11 20458164 
61 20548305 
161 20564849 
261 20571266 
336 20575287 
386 20578472 
411 20581267 
411 20583902 
386 20586542 
336 20589339 
261 20592522 
161 20596560 
61 20602973 
0 20619541 
0 20709744 
0 20799956 
0 20890209 
11 20980384 
61 21070616 
161 21087188 
261 21093601 
336 21097647 
386 21100834 
411 21103629 
411 21106271 
386 21108881 
336 21111616 
261 21114803 
186 21118839 
86 21124355 
0 21136181 
0 21226395 
0 21316625 
0 21406868 
11 21497129 
36 21587392 
111 21615278 
186 21624495 
236 21630084 
261 21634542 
286 21638585 
286 21642290 
261 21645991 
211 21650026 
136 21654970 
36 21662495 
0 21690394 
0 21780574 
0 21870790 
0 21961007 
36 22051224 
111 22079150 
186 22088319 
236 22093918 
261 22098354 
286 22102412 
286 22106125 
261 22109834 
211 22113888 
136 22118841 
36 22126387 
0 22154269 
0 22244523 
0 22334765 
0 22424977 
36 22515147 
111 22543074 
186 22552333 
236 22557938 
286 22562398 
311 22566119 
311 22569562 
286 22573006 
236 22576730 
161 22581188 
61 22587622 
0 22604199 
0 22694407 
0 22784588 
0 22874828 
36 22965036 
86 22992955 
136 23004809 
186 23012368 
211 23017950 
211 23022893 
186 23027836 
161 23033418 
111 23039840 
36 23048989 
0 23076892 
0 23167113 
0 23257327 
11 23347547 
61 23437774 
161 23454355 
261 23460759 
336 23464775 
386 23467939 
411 23470712 
411 23473316 
386 23475955 
336 23478745 
261 23481871 
186 23485907 
86 23491486 
0 23503301 
0 23593512 
0 23683721 
0 23773877 
11 23864083 
36 23954221 
111 23982059 
186 23991209 
236 23996718 
286 24001070 
311 24004690 
311 24008035 
286 24011378 
236 24014993 
161 24019356 
61 24025684 
0 24042188 
0 24132375 
0 24222552 
0 24312727 
36 24402890 
111 24430744 
186 24439898 
236 24445426 
261 24449813 
261 24453798 
261 24457750 
236 24461733 
186 24466121 
111 24471647 
11 24480845 
0 24571063 
0 24661283 
0 24751496 
36 24841703 
111 24869611 
186 24878841 
236 24884425 
261 24888870 
261 24892909 
261 24896947 
236 24900982 
186 24905398 
111 24910977 
11 24920188 
0 25010400 
0 25100607 
0 25190873 
36 25281081 
111 25308949 
186 25318157 
236 25323739 
261 25328187 
261 25332191 
236 25336233 
186 25340676 
136 25346257 
61 25353807 
0 25370393 
0 25460606 
0 25550814 
0 25641050 
36 25731286 
111 25759188 
186 25768329 
261 25773908 
311 25777915 
336 25781336 
336 25784484 
311 25787662 
261 25791080 
186 25795118 
111 25800681 
11 25809886 
0 25900096 
0 25990311 
0 26080547 
36 26170782 
86 26198682 
136 26210504 
186 26218058 
211 26223640 
211 26228584 
186 26233525 
136 26239108 
61 26246663 
0 26263232 
0 26353438 
0 26443655 
11 26533862 
61 26624088 
161 26640640 
236 26647052 
286 26651495 
311 26655197 
336 26658618 
336 26661800 
311 26664958 
261 26668314 
186 26672354 
86 26677934 
0 26689755 
0 26779961 
0 26870172 
0 26960397 
36 27050599 
111 27078557 
161 27087796 
211 27094242 
236 27099139 
236 27103557 
211 27107966 
161 27112873 
111 27119294 
36 27128501 
0 27156407 
0 27246672 
0 27336879 
11 27427087 
61 27517302 
136 27533871 
211 27541422 
261 27546364 
286 27550401 
286 27554102 
286 27557773 
261 27561474 
211 27565452 
136 27570397 
36 27577949 
0 27605867 
0 27696117 
0 27786365 
0 27876587 
36 27966804 
111 27994705 
186 28003913 
236 28009492 
261 28013935 
261 28017970 
236 28022007 
186 28026455 
136 28032035 
61 28039589 
0 28056160 
0 28146377 
0 28236562 
0 28326767 
36 28416980 
111 28444851 
186 28454062 
261 28459644 
311 28463683 
336 28467104 
336 28470287 
311 28473438 
261 28476832 
186 28480841 
111 28486422 
11 28495630 
0 28585840 
0 28676005 
0 28766185 
36 28856439 
86 28884369 
136 28896241 
186 28903812 
211 28909407 
211 28914362 
186 28919330 
161 28924886 
111 28931298 
36 28940482 
0 28968381 
0 29058607 
0 29148744 
11 29238951 
61 29329124 
161 29345697 
261 29352110 
336 29356120 
386 29359301 
411 29362067 
411 29364708 
386 29367319 
336 29370085 
261 29373235 
161 29377245 
61 29383656 
0 29400232 
0 29490376 
0 29580591 
0 29670802 
11 29761011 
61 29851218 
136 29867786 
211 29875339 
261 29880285 
286 29884291 
286 29887993 
286 29891669 
261 29895373 
211 29899391 
136 29904337 
36 29911890 
0 29939790 
0 30029943 
0 30120147 
0 30210355 
36 30300563 
111 30328407 
186 30337616 
236 30343196 
261 30347612 
261 30351590 
236 30355619 
211 30360057 
161 30364948 
86 30371361 
0 30383129 
0 30473297 
0 30563557 
0 30653778 
36 30743998 
111 30771907 
186 30781112 
236 30786663 
286 30791110 
311 30794791 
311 30798212 
286 30801636 
236 30805340 
161 30809784 
61 30816199 
0 30832746 
0 30922954 
0 31013169 
0 31103377 
36 31193592 
111 31221496 
186 31230703 
236 31236299 
261 31240744 
261 31244762 
261 31248779 
236 31252787 
186 31257228 
111 31262811 
11 31272020 
0 31362225 
0 31452369 
0 31542581 
36 31632797 
111 31660700 
186 31669901 
236 31675479 
261 31679917 
261 31683950 
261 31687982 
236 31692018 
186 31696463 
111 31702040 
11 31711247 
0 31801477 
0 31891705 
0 31981909 
36 32072117 
111 32100026 
186 32109294 
261 32114906 
311 32118945 
336 32122367 
336 32125533 
311 32128715 
261 32132131 
186 32136179 
111 32141757 
11 32150965 
0 32241180 
0 32331339 
0 32421545 
36 32511769 
86 32539667 
136 32551482 
186 32559036 
211 32564616 
211 32569535 
186 32574458 
136 32580041 
86 32587595 
11 32599415 
0 32689600 
0 32779810 
11 32870054 
61 32960297 
136 32976843 
211 32984336 
261 32989282 
286 32993322 
311 32997038 
311 33000462 
286 33003885 
236 33007556 
161 33011943 
61 33018306 
0 33034879 
0 33125035 
0 33215238 
0 33305475 
36 33395684 
111 33423586 
186 33432793 
236 33438377 
261 33442820 
261 33446857 
236 33450900 
211 33455338 
161 33460261 
86 33466639 
0 33478458 
0 33568651 
0 33658858 
0 33749036 
36 33839188 
111 33867062 
186 33876194 
236 33881773 
261 33886195 
261 33890230 
261 33894264 
236 33898299 
186 33902738 
111 33908232 
11 33917416 
0 34007591 
0 34097767 
0 34187951 
36 34278155 
111 34306058 
186 34315249 
261 34320800 
311 34324805 
336 34328188 
336 34331322 
311 34334463 
261 34337835 
186 34341871 
86 34347452 
0 34359273 
0 34449483 
0 34539682 
0 34629897 
36 34720113 
86 34747988 
136 34759817 
186 34767369 
211 34772906 
211 34777844 
186 34782737 
136 34788278 
86 34795799 
11 34807621 
0 34897780 
0 34987943 
11 35078149 
61 35168304 
161 35184820 
261 35191232 
336 35195264 
386 35198395 
411 35201157 
411 35203794 
386 35206429 
336 35209186 
261 35212307 
161 35216300 
61 35222688 
0 35239259 
0 35329433 
0 35419642 
0 35509847 
11 35600058 
61 35690268 
161 35706838 
236 35713252 
286 35717697 
311 35721401 
336 35724824 
336 35728006 
311 35731190 
261 35734609 
186 35738646 
86 35744226 
0 35756047 
0 35846263 
0 35936438 
0 36026647 
11 36116857 
61 36207074 
161 36223648 
236 36230062 
311 36234477 
361 36237899 
386 36240833 
386 36243624 
361 36246425 
311 36249349 
236 36252737 
136 36257143 
36 36264629 
0 36292489 
0 36382698 
0 36472878 
0 36563088 
36 36653321 
111 36681230 
186 36690447 
236 36696047 
261 36700492 
261 36704530 
236 36708566 
186 36713008 
136 36718589 
61 36726144 
0 36742717 
0 36832931 
0 36923143 
0 37013334 
36 37103558 
111 37131436 
186 37140678 
261 37146290 
311 37150331 
336 37153755 
336 37156944 
311 37160130 
261 37163556 
186 37167604 
86 37173188 
0 37185006 
0 37275187 
0 37365344 
0 37455546 
36 37545755 
111 37573643 
161 37582843 
211 37589230 
236 37594134 
236 37598522 
211 37602913 
161 37607807 
111 37614165 
36 37623317 
0 37651166 
0 37741371 
0 37831580 
11 37921788 
36 38011997 
111 38039898 
186 38049040 
236 38054620 
261 38059063 
286 38063095 
286 38066796 
261 38070499 
211 38074536 
136 38079480 
36 38087033 
0 38114868 
0 38205075 
0 38295219 
0 38385398 
36 38475607 
111 38503508 
186 38512718 
236 38518281 
286 38522725 
311 38526429 
311 38529851 
286 38533239 
236 38536943 
161 38541386 
61 38547801 
0 38564378 
0 38654588 
0 38744797 
0 38835005 
36 38925186 
111 38953056 
161 38962265 
211 38968644 
236 38973586 
236 38978027 
211 38982471 
161 38987416 
111 38993831 
36 39003039 
0 39030936 
0 39121147 
0 39211355 
11 39301560 
36 39391769 
111 39419673 
186 39428815 
236 39434326 
261 39438775 
286 39442807 
286 39446451 
261 39450101 
211 39454059 
136 39458989 
36 39466542 
0 39494444 
0 39584597 
0 39674725 
0 39764891 
36 39855098 
111 39882965 
186 39892177 
261 39897761 
311 39901798 
336 39905201 
336 39908383 
311 39911564 
261 39914986 
186 39919025 
86 39924606 
0 39936427 
0 40026634 
0 40116846 
0 40207056 
36 40297234 
111 40325137 
161 40334347 
211 40340763 
236 40345670 
236 40350113 
211 40354557 
161 40359500 
111 40365917 
36 40375129 
0 40403032 
0 40493246 
0 40583385 
0 40673598 
36 40763808 
111 40791720 
186 40800932 
236 40806511 
261 40810954 
286 40814991 
286 40818677 
261 40822361 
211 40826398 
136 40831340 
36 40838892 
0 40866723 
0 40956893 
0 41047107 
0 41137284 
36 41227494 
111 41255361 
186 41264546 
236 41270125 
286 41274569 
311 41278271 
311 41281639 
286 41285034 
236 41288673 
161 41293114 
61 41299524 
0 41316090 
0 41406306 
0 41496522 
0 41586693 
36 41676912 
111 41704786 
186 41713962 
236 41719542 
261 41723921 
261 41727956 
236 41731993 
186 41736437 
136 41742024 
61 41749575 
0 41766151 
0 41856362 
0 41946592 
0 42036767 
36 42126981 
111 42154901 
161 42164119 
211 42170550 
236 42175496 
236 42179938 
211 42184383 
161 42189328 
111 42195741 
36 42204950 
0 42232853 
0 42323064 
0 42413273 
11 42503478 
61 42593690 
161 42610260 
236 42616643 
311 42621089 
361 42624510 
386 42627488 
386 42630283 
361 42633082 
311 42636058 
236 42639479 
136 42643917 
36 42651446 
0 42679349 
0 42769551 
0 42859772 
0 42949985 
11 43040195 
61 43130408 
161 43146999 
261 43153416 
336 43157454 
386 43160637 
411 43163432 
411 43166072 
386 43168723 
336 43171519 
261 43174702 
186 43178747 
86 43184328 
0 43196150 
0 43286355 
0 43376525 
0 43466751 
0 43556976 
36 43647207 
111 43675124 
186 43684314 
236 43689957 
286 43694404 
311 43698074 
311 43701493 
286 43704888 
236 43708561 
161 43713019 
61 43719434 
0 43736005 
0 43826220 
0 43916457 
0 44006702 
36 44096905 
111 44124815 
186 44134005 
236 44139589 
261 44144028 
286 44148027 
286 44151731 
261 44155426 
211 44159458 
136 44164404 
36 44171959 
0 44199861 
0 44290070 
0 44380282 
0 44470486 
36 44560693 
111 44588527 
161 44597736 
211 44604147 
236 44609053 
236 44613491 
211 44617934 
161 44622874 
111 44629251 
36 44638457 
0 44666304 
0 44756523 
0 44846744 
0 44936957 
36 45027175 
111 45055082 
186 45064298 
261 45069900 
311 45073914 
336 45077341 
336 45080539 
311 45083725 
261 45087150 
186 45091197 
111 45096747 
11 45105954 
0 45196181 
0 45286387 
0 45376581 
36 45466794 
111 45494681 
186 45503898 
236 45509498 
261 45513941 
261 45517980 
261 45522018 
236 45526056 
186 45530498 
111 45536080 
11 45545286 
0 45635491 
0 45725702 
0 45815909 
36 45906116 
111 45933953 
186 45943164 
236 45948744 
261 45953188 
261 45957222 
236 45961257 
186 45965659 
136 45971241 
61 45978798 
0 45995368 
0 46085602 
0 46175870 
0 46266141 
36 46356406 
111 46384314 
186 46393588 
236 46399220 
261 46403735 
286 46407829 
286 46411575 
261 46415339 
211 46419416 
136 46424403 
36 46431979 
0 46459894 
0 46550147 
0 46640413 
0 46730653 
36 46820840 
111 46848705 
186 46857915 
236 46863496 
261 46867939 
286 46871976 
286 46875678 
261 46879384 
211 46883388 
136 46888261 
36 46895814 
0 46923712 
0 47013946 
0 47104121 
0 47194329 
36 47284539 
111 47312374 
186 47321583 
236 47327164 
261 47331570 
261 47335587 
236 47339600 
211 47344040 
161 47348951 
86 47355367 
0 47367187 
0 47457393 
0 47547603 
0 47637815 
36 47728022 
111 47755926 
186 47765132 
236 47770715 
261 47775156 
261 47779190 
236 47783225 
211 47787607 
161 47792516 
86 47798928 
0 47810746 
0 47900956 
0 47991163 
0 48081324 
36 48171513 
111 48199427 
186 48208575 
261 48214165 
311 48218219 
336 48221648 
336 48224798 
311 48227957 
261 48231331 
186 48235368 
86 48240913 
0 48252750 
0 48342977 
0 48433201 
0 48523418 
11 48613649 
61 48703896 
161 48720503 
236 48726925 
311 48731344 
361 48734768 
386 48737749 
386 48740515 
361 48743313 
311 48746290 
236 48749711 
136 48754155 
36 48761709 
0 48789607 
0 48879855 
0 48970100 
0 49060315 
36 49150549 
111 49178474 
186 49187700 
236 49193290 
261 49197734 
261 49201771 
236 49205809 
211 49210255 
161 49215198 
86 49221612 
0 49233435 
0 49323698 
0 49413981 
0 49504130 
36 49594260 
111 49622098 
186 49631229 
236 49636717 
261 49641069 
286 49645013 
286 49648623 
261 49652235 
211 49656177 
136 49661027 
36 49668512 
0 49696338 
0 49786544 
0 49876756 
0 49966961 
36 50057168 
111 50085066 
186 50094255 
261 50099837 
311 50103885 
336 50107310 
336 50110495 
311 50113679 
261 50117101 
186 50121139 
86 50126720 
0 50138543 
0 50228750 
0 50318960 
0 50409174 
36 50499383 
86 50527288 
136 50539089 
186 50546640 
211 50552223 
211 50557167 
186 50562110 
161 50567689 
111 50574102 
36 50583308 
0 50611210 
0 50701422 
0 50791630 
11 50881839 
61 50972056 
161 50988643 
236 50995068 
286 50999525 
336 51003207 
361 51006391 
361 51009371 
336 51012349 
286 51015530 
211 51019234 
111 51024184 
0 51033392 
0 51123600 
0 51213806 
0 51304017 
11 51394226 
61 51484443 
161 51501017 
236 51507432 
286 51511876 
336 51515549 
361 51518732 
361 51521708 
336 51524685 
286 51527867 
211 51531533 
111 51536480 
0 51545690 
0 51635896 
0 51726102 
0 51816319 
11 51906530 
61 51996738 
161 52013310 
261 52019726 
336 52023767 
386 52026954 
411 52029753 
411 52032360 
386 52035000 
336 52037797 
261 52040980 
186 52045019 
86 52050600 
0 52062422 
0 52152631 
0 52242840 
0 52333046 
11 52423253 
61 52513460 
161 52529962 
236 52536303 
311 52540683 
361 52544032 
386 52546919 
386 52549622 
361 52552327 
311 52555218 
236 52558548 
136 52562917 
11 52570395 
0 52660529 
0 52750739 
0 52840944 
11 52931107 
61 53021262 
161 53037775 
236 53044197 
286 53048591 
336 53052213 
361 53055316 
361 53058197 
336 53061103 
286 53064282 
211 53067981 
111 53072926 
0 53082084 
0 53172249 
0 53262371 
0 53352489 
36 53442629 
111 53470462 
186 53479614 
236 53485111 
261 53489464 
261 53493438 
236 53497407 
186 53501799 
136 53507310 
61 53514790 
0 53531275 
0 53621492 
0 53711657 
11 53801862 
36 53892083 
111 53919996 
186 53929217 
236 53934801 
261 53939243 
286 53943280 
286 53946978 
261 53950679 
211 53954717 
136 53959663 
36 53967219 
0 53995056 
0 54085203 
0 54175416 
0 54265571 
36 54355703 
86 54383517 
136 54395262 
186 54402833 
211 54408393 
211 54413338 
186 54418283 
161 54423865 
111 54430284 
36 54439490 
0 54467338 
0 54557499 
0 54647642 
11 54737779 
61 54827900 
161 54844398 
261 54850718 
336 54854724 
386 54857909 
411 54860705 
411 54863346 
386 54865986 
336 54868785 
261 54871966 
186 54876002 
86 54881553 
0 54893374 
0 54983535 
0 55073675 
0 55163800 
11 55253943 
61 55344068 
136 55360549 
211 55368088 
261 55372954 
286 55376915 
286 55380549 
261 55384207 
236 55388161 
186 55392513 
111 55398094 
11 55407303 
0 55497520 
0 55587703 
0 55677838 
36 55767978 
111 55795869 
186 55805024 
236 55810531 
261 55814969 
261 55818947 
236 55822990 
211 55827434 
161 55832377 
86 55838794 
0 55850617 
0 55940827 
0 56031036 
0 56121242 
36 56211448 
111 56239348 
186 56248509 
261 56254046 
311 56258021 
336 56261368 
336 56264455 
311 56267573 
261 56270978 
186 56275011 
111 56280559 
11 56289765 
0 56379903 
0 56470040 
0 56560171 
36 56650374 
86 56678238 
136 56689999 
186 56697519 
211 56703099 
211 56708019 
186 56712924 
161 56718456 
111 56724845 
36 56733996 
0 56761887 
0 56852069 
0 56942275 
11 57032460 
61 57122601 
161 57139087 
236 57145408 
286 57149755 
336 57153365 
361 57156457 
361 57159421 
336 57162330 
286 57165469 
211 57169105 
111 57173966 
0 57183086 
0 57273220 
0 57363349 
0 57453471 
11 57543603 
61 57633740 
161 57650236 
236 57656571 
286 57660921 
336 57664552 
361 57667675 
361 57670572 
336 57673474 
286 57676578 
211 57680210 
111 57685090 
0 57694212 
0 57784346 
0 57874550 
0 57964704 
11 58054915 
61 58145056 
161 58161561 
261 58167914 
336 58171951 
386 58175132 
411 58177901 
411 58180476 
386 58183116 
336 58185844 
261 58188993 
186 58193029 
86 58198610 
0 58210432 
0 58300644 
0 58390850 
0 58481067 
11 58571279 
61 58661481 
161 58678053 
236 58684450 
311 58688849 
361 58692260 
386 58695235 
386 58698028 
361 58700801 
311 58703778 
236 58707197 
136 58711646 
11 58719213 
0 58809358 
0 58899505 
0 58989646 
11 59079778 
61 59169905 
161 59186401 
236 59192722 
286 59197090 
336 59200702 
361 59203788 
361 59206740 
336 59209688 
286 59212829 
211 59216467 
111 59221349 
0 59230469 
0 59320596 
0 59410747 
0 59500868 
36 59591008 
111 59618853 
161 59628035 
211 59634427 
236 59639373 
236 59643815 
211 59648232 
161 59653150 
111 59659564 
36 59668739 
0 59696578 
0 59786723 
0 59876870 
11 59967013 
61 60057564 
161 60074143 
236 60080558 
286 60085002 
311 60088706 
336 60092127 
336 60095308 
311 60098491 
261 60101866 
186 60105881 
86 60111444 
0 60123267 
0 60213443 
0 60303659 
0 60393863 
11 60484070 
61 60574282 
161 60590857 
236 60597271 
286 60601668 
336 60605344 
361 60608511 
361 60611485 
336 60614462 
286 60617647 
211 60621351 
111 60626296 
0 60635457 
0 60725665 
0 60815879 
0 60906092 
36 60996251 
111 61024081 
186 61033215 
236 61038704 
261 61043056 
261 61047019 
236 61050999 
186 61055368 
136 61060889 
61 61068370 
0 61084873 
0 61175014 
0 61265148 
0 61355266 
36 61445382 
111 61473196 
186 61482322 
236 61487828 
261 61492238 
261 61496222 
261 61500259 
236 61504297 
186 61508707 
111 61514287 
11 61523493 
0 61613701 
0 61703908 
0 61794042 
36 61884213 
86 61912038 
136 61923767 
186 61931229 
211 61936719 
211 61941569 
186 61946430 
136 61951925 
86 61959438 
11 61971168 
0 62061365 
0 62151520 
11 62241681 
61 62331887 
161 62348457 
261 62354875 
336 62358913 
386 62362062 
411 62364861 
411 62367500 
386 62370141 
336 62372937 
261 62376120 
186 62380151 
86 62385665 
0 62397431 
0 62487613 
0 62577751 
0 62667889 
11 62758090 
61 62848201 
161 62864699 
236 62871040 
286 62875477 
336 62879150 
361 62882332 
361 62885268 
336 62888181 
286 62891355 
211 62895024 
111 62899967 
0 62909176 
0 62999315 
0 63089452 
0 63179637 
11 63269831 
61 63360071 
161 63376578 
236 63382922 
286 63387291 
311 63390920 
336 63394262 
336 63397360 
311 63400472 
261 63403814 
186 63407802 
86 63413296 
0 63425037 
0 63515177 
0 63605323 
0 63695479 
36 63785622 
111 63813438 
186 63822557 
236 63828046 
261 63832397 
261 63836341 
236 63840302 
186 63844667 
136 63850157 
61 63857618 
0 63874115 
0 63964277 
0 64054409 
0 64144539 
36 64234747 
111 64262647 
186 64271855 
236 64277385 
261 64281767 
261 64285764 
236 64289799 
186 64294210 
136 64299789 
61 64307286 
0 64323853 
0 64414006 
0 64504149 
11 64594295 
36 64684504 
111 64712368 
186 64721575 
261 64727156 
311 64731191 
336 64734612 
336 64737794 
311 64740974 
261 64744364 
186 64748401 
111 64753916 
11 64763123 
0 64853264 
0 64943512 
0 65033748 
36 65123958 
111 65151855 
186 65161038 
236 65166635 
261 65171054 
261 65175118 
236 65179186 
186 65183635 
136 65189220 
61 65196753 
0 65213327 
0 65303542 
0 65393757 
0 65483936 
36 65574140 
111 65602051 
161 65611251 
211 65617646 
236 65622560 
236 65627000 
211 65631440 
161 65636383 
111 65642796 
36 65651979 
0 65679846 
0 65770020 
0 65860313 
11 65950530 
61 66040717 
161 66057288 
236 66063701 
286 66068115 
311 66071798 
336 66075217 
336 66078381 
311 66081564 
261 66084988 
186 66089026 
86 66094606 
0 66106424 
0 66196630 
0 66286793 
0 66377006 
36 66467271 
111 66495222 
186 66504460 
236 66510082 
261 66514548 
261 66518612 
236 66522612 
186 66527047 
136 66532649 
61 66540244 
0 66556821 
0 66647058 
0 66737264 
0 66827519 
36 66917721 
111 66945547 
186 66954749 
236 66960310 
261 66964750 
261 66968720 
236 66972724 
186 66977138 
136 66982717 
61 66990243 
0 67006808 
0 67097003 
0 67187143 
0 67277317 
36 67367522 
111 67395393 
186 67404597 
261 67410159 
311 67414196 
336 67417618 
336 67420799 
311 67423983 
261 67427404 
186 67431441 
111 67436971 
11 67446154 
0 67536338 
0 67626607 
0 67716816 
36 67807003 
86 67834972 
136 67846842 
186 67854390 
211 67859981 
211 67864920 
186 67869874 
161 67875476 
111 67881897 
36 67891109 
0 67918945 
0 68009153 
0 68099371 
11 68189582 
61 68279791 
136 68296363 
211 68303881 
261 68308825 
286 68312862 
311 68316564 
311 68319951 
286 68323375 
236 68327076 
161 68331519 
61 68337934 
0 68354472 
0 68444655 
0 68534800 
0 68625011 
11 68715218 
61 68805439 
161 68822011 
261 68828424 
336 68832464 
386 68835612 
411 68838410 
411 68841048 
411 68843689 
386 68846329 
336 68849124 
261 68852204 
161 68856177 
36 68862558 
0 68890459 
0 68980632 
0 69070842 
0 69161058 
11 69251269 
61 69341479 
161 69358052 
236 69364404 
286 69368819 
311 69372522 
336 69375942 
336 69379128 
311 69382311 
261 69385697 
186 69389736 
86 69395316 
0 69407136 
0 69497355 
0 69587566 
0 69677772 
36 69767979 
111 69795877 
161 69805096 
211 69811500 
236 69816381 
236 69820796 
211 69825244 
161 69830206 
111 69836595 
36 69845805 
0 69873712 
0 69963938 
0 70054155 
0 70144369 
36 70234573 
111 70262483 
186 70271670 
261 70277226 
311 70281266 
336 70284688 
336 70287867 
311 70291049 
261 70294470 
186 70298473 
86 70304053 
0 70315883 
0 70406099 
0 70496311 
0 70586477 
11 70676695 
61 70766902 
161 70783492 
236 70789906 
311 70794353 
361 70797775 
386 70800752 
386 70803506 
361 70806301 
311 70809279 
236 70812701 
136 70817147 
11 70824683 
0 70914901 
0 71005083 
0 71095237 
36 71185363 
111 71213224 
161 71222433 
211 71228812 
236 71233756 
236 71238145 
211 71242579 
161 71247523 
111 71253931 
36 71263139 
0 71291037 
0 71381180 
0 71471386 
11 71561603 
61 71651827 
136 71668395 
211 71675963 
261 71680922 
286 71684947 
311 71688632 
311 71692055 
286 71695435 
236 71699142 
161 71703585 
61 71709994 
0 71726564 
0 71816775 
0 71907000 
0 71997184 
11 72087331 
61 72177555 
161 72194130 
261 72200544 
336 72204583 
386 72207767 
411 72210563 
411 72213204 
411 72215844 
386 72218457 
336 72221255 
261 72224439 
161 72228478 
36 72234892 
0 72262795 
0 72352972 
0 72443198 
0 72533388 
11 72623596 
61 72713818 
161 72730387 
236 72736801 
286 72741243 
311 72744957 
336 72748314 
336 72751495 
311 72754640 
261 72758050 
186 72762080 
86 72767660 
0 72779481 
0 72869694 
0 72959883 
0 73050089 
11 73140261 
61 73230475 
161 73247047 
236 73253417 
286 73257864 
336 73261577 
361 73264760 
361 73267734 
336 73270712 
286 73273894 
211 73277560 
111 73282497 
0 73291684 
0 73381889 
0 73472101 
0 73562275 
36 73652463 
111 73680364 
186 73689579 
236 73695179 
261 73699625 
261 73703641 
236 73707686 
186 73712125 
136 73717705 
61 73725260 
0 73741845 
0 73832061 
0 73922275 
11 74012487 
36 74102638 
111 74130474 
186 74139678 
236 74145228 
261 74149672 
261 74153681 
261 74157719 
236 74161756 
186 74166200 
111 74171783 
11 74180947 
0 74271164 
0 74361385 
0 74451538 
36 74541744 
111 74569586 
186 74578712 
236 74584200 
261 74588555 
261 74592501 
236 74596446 
211 74600809 
161 74605664 
86 74612038 
0 74623771 
0 74713904 
0 74804039 
0 74894242 
36 74984450 
111 75012350 
186 75021558 
236 75027138 
261 75031578 
261 75035609 
261 75039645 
236 75043604 
186 75047973 
111 75053463 
11 75062643 
0 75152820 
0 75242964 
0 75333093 
36 75423255 
111 75451157 
186 75460339 
261 75465918 
311 75469956 
336 75473379 
336 75476564 
311 75479746 
261 75483167 
186 75487204 
111 75492718 
11 75501928 
0 75592091 
0 75682300 
0 75772443 
11 75862566 
61 75952764 
161 75969348 
236 75975771 
311 75980233 
361 75983656 
386 75986631 
386 75989432 
361 75992256 
311 75995213 
236 75998650 
136 76003075 
11 76010629 
0 76100837 
0 76190977 
0 76281127 
36 76371332 
111 76399216 
186 76408393 
236 76413975 
261 76418386 
261 76422423 
236 76426457 
186 76430894 
136 76436477 
61 76444029 
0 76460575 
0 76550750 
0 76640954 
11 76731165 
36 76821347 
111 76849264 
186 76858491 
236 76864077 
261 76868522 
261 76872560 
261 76876597 
236 76880601 
186 76885046 
111 76890627 
11 76899833 
0 76990037 
0 77080252 
0 77170392 
36 77260524 
111 77288354 
186 77297471 
236 77302957 
261 77307345 
261 77311308 
236 77315305 
186 77319663 
136 77325156 
61 77332639 
0 77349117 
0 77439259 
0 77529399 
0 77619600 
36 77709817 
111 77737678 
186 77746842 
261 77752370 
311 77756354 
336 77759721 
336 77762816 
311 77765910 
261 77769272 
186 77773297 
86 77778878 
0 77790698 
0 77880857 
0 77971094 
0 78061238 
11 78151384 
61 78241524 
161 78258003 
261 78264326 
336 78268268 
386 78271434 
411 78274162 
411 78276741 
411 78279319 
386 78281909 
336 78284614 
261 78287748 
161 78291696 
36 78298038 
0 78325855 
0 78415974 
0 78506114 
0 78596247 
0 78686390 
36 78776595 
111 78804499 
186 78813709 
261 78819237 
311 78823201 
336 78826546 
336 78829649 
311 78832771 
261 78836112 
186 78840094 
86 78845591 
0 78857323 
0 78947465 
0 79037669 
0 79127819 
36 79218028 
111 79245929 
186 79255113 
236 79260622 
261 79265058 
261 79269097 
236 79273077 
186 79277485 
136 79283028 
61 79290524 
0 79307042 
0 79397175 
0 79487376 
0 79577526 
36 79667730 
111 79695575 
186 79704753 
236 79710283 
261 79714717 
261 79718752 
236 79722739 
211 79727108 
161 79732042 
86 79738398 
0 79750195 
0 79840352 
0 79930505 
0 80020708 
36 80110866 
111 80138708 
186 80147863 
236 80153394 
261 80157777 
261 80161740 
236 80165690 
211 80170057 
161 80174914 
86 80181260 
0 80193013 
0 80283172 
0 80373357 
0 80463582 
36 80553788 
111 80581691 
186 80590873 
261 80596456 
311 80600492 
336 80603866 
336 80607013 
311 80610146 
261 80613568 
186 80617606 
86 80623187 
0 80635008 
0 80725227 
0 80815379 
0 80905586 
11 80995796 
61 81086002 
161 81102574 
261 81108988 
336 81113027 
386 81116210 
411 81119006 
411 81121610 
386 81124250 
361 81127047 
311 81130026 
236 81133449 
136 81137894 
11 81145446 
0 81235604 
0 81325811 
0 81416017 
11 81506224 
36 81596432 
111 81624332 
186 81633541 
261 81639121 
311 81643159 
336 81646580 
336 81649763 
311 81652946 
261 81656365 
186 81660338 
111 81665918 
11 81675128 
0 81765340 
0 81855480 
0 81945622 
36 82035832 
111 82063751 
186 82072919 
236 82078499 
261 82082941 
261 82086978 
236 82091014 
186 82095417 
136 82100921 
61 82108410 
0 82124982 
0 82215189 
0 82305397 
0 82395621 
36 82485780 
111 82513605 
186 82522755 
236 82528257 
261 82532612 
261 82536619 
236 82540591 
211 82545023 
161 82549925 
86 82556271 
0 82568003 
0 82658146 
0 82748362 
0 82838567 
36 82928776 
111 82956676 
186 82965884 
236 82971430 
261 82975872 
261 82979908 
236 82983910 
186 82988286 
136 82993811 
61 83001344 
0 83017916 
0 83108138 
0 83198355 
11 83288565 
61 83378740 
161 83395312 
236 83401727 
286 83406173 
311 83409875 
336 83413297 
336 83416481 
311 83419661 
261 83423081 
186 83427119 
86 83432698 
0 83444519 
0 83534754 
0 83624989 
0 83715227 
36 83805471 
86 83833425 
136 83845268 
186 83852788 
211 83858370 
211 83863312 
186 83868262 
161 83873845 
111 83880261 
36 83889466 
0 83917371 
0 84007622 
0 84097806 
11 84188056 
61 84278285 
136 84294895 
211 84302488 
261 84307469 
286 84311541 
311 84315279 
311 84318735 
286 84322187 
236 84325923 
161 84330394 
61 84336792 
0 84353376 
0 84443619 
0 84533812 
0 84624053 
36 84714298 
86 84742253 
136 84754151 
186 84761771 
211 84767375 
211 84772365 
186 84777306 
161 84782927 
111 84789377 
36 84798609 
0 84826520 
0 84916709 
0 85006959 
0 85097219 
36 85187452 
111 85215399 
186 85224628 
261 85230278 
311 85234379 
336 85237859 
336 85241100 
311 85244275 
261 85247750 
186 85251839 
86 85257465 
0 85269328 
0 85359583 
0 85449850 
0 85540121 
36 85630381 
111 85658329 
186 85667500 
236 85673079 
261 85677549 
261 85681619 
261 85685680 
236 85689669 
186 85694122 
111 85699685 
11 85708897 
0 85799149 
0 85889393 
0 85979609 
36 86069824 
111 86097710 
186 86106917 
236 86112499 
261 86116942 
261 86120978 
261 86125017 
236 86129054 
186 86133497 
111 86139079 
11 86148288 
0 86238425 
0 86328560 
0 86418699 
36 86508874 
111 86536750 
186 86545938 
236 86551519 
261 86555960 
261 86559995 
236 86564032 
211 86568476 
161 86573422 
86 86579837 
0 86591659 
0 86681814 
0 86771961 
0 86862173 
36 86952333 
111 86980229 
186 86989439 
261 86995018 
311 86999056 
336 87002473 
336 87005621 
311 87008770 
261 87012198 
186 87016233 
86 87021781 
0 87033596 
0 87123752 
0 87213893 
0 87304042 
11 87394250 
61 87484458 
161 87501029 
236 87507444 
286 87511842 
311 87515542 
336 87518927 
336 87522083 
311 87525244 
261 87528634 
186 87532673 
86 87538227 
0 87550043 
0 87640257 
0 87730466 
0 87820676 
36 87910844 
111 87938722 
186 87947949 
236 87953544 
261 87958001 
261 87962044 
236 87966088 
186 87970547 
136 87976128 
61 87983685 
0 88000279 
0 88090451 
0 88180667 
11 88270893 
61 88361106 
136 88377676 
186 88385231 
236 88390810 
261 88395252 
261 88399285 
236 88403317 
186 88407759 
111 88413340 
36 88422546 
0 88450443 
0 88540652 
0 88630869 
11 88721021 
61 88811237 
136 88827782 
211 88835330 
261 88840271 
286 88844283 
311 88847983 
311 88851405 
286 88854792 
236 88858494 
161 88862938 
61 88869354 
0 88885923 
0 88976135 
0 89066350 
0 89156564 
36 89246746 
111 89274659 
186 89283885 
236 89289448 
261 89293909 
261 89297954 
261 89302000 
236 89306037 
186 89310480 
111 89316063 
11 89325272 
0 89415480 
0 89505694 
0 89595905 
36 89686128 
111 89714035 
186 89723246 
236 89728829 
261 89733273 
261 89737244 
236 89741283 
186 89745728 
136 89751307 
61 89758858 
0 89775407 
0 89865597 
0 89955803 
0 90046014 
36 90136228 
111 90164131 
186 90173339 
261 90178921 
311 90182956 
336 90186375 
336 90189555 
311 90192736 
261 90196156 
186 90200181 
111 90205725 
11 90214932 
0 90305140 
0 90395344 
0 90485558 
11 90575768 
61 90665977 
161 90682555 
236 90688938 
311 90693379 
361 90696767 
386 90699741 
386 90702535 
361 90705303 
311 90708281 
236 90711701 
136 90716142 
11 90723697 
0 90813906 
0 90904066 
0 90994268 
36 91084491 
86 91112391 
136 91124210 
161 91131763 
186 91138181 
186 91143762 
161 91149337 
111 91155750 
36 91164966 
0 91192838 
0 91283046 
0 91373279 
36 91463534 
111 91491484 
161 91500741 
211 91507165 
236 91512121 
236 91516571 
211 91521023 
161 91525956 
111 91532362 
36 91541573 
0 91569457 
0 91659684 
0 91749894 
11 91840109 
61 91930328 
161 91946909 
236 91953321 
286 91957759 
311 91961461 
336 91964884 
336 91968068 
311 91971217 
261 91974640 
186 91978678 
86 91984259 
0 91996080 
0 92086294 
0 92176508 
0 92266714 
11 92356901 
61 92447130 
161 92463707 
261 92470122 
336 92474161 
386 92477345 
411 92480141 
436 92482779 
436 92485283 
411 92487787 
361 92490431 
286 92493408 
186 92497111 
61 92502692 
0 92519264 
0 92609487 
0 92699698 
0 92789919 
11 92880142 
36 92970365 
111 92998317 
186 93007532 
236 93013122 
261 93017572 
286 93021575 
286 93025283 
261 93028954 
211 93032968 
136 93037864 
36 93045418 
0 93073338 
0 93163590 
0 93253838 
0 93344076 
36 93434344 
111 93462285 
186 93471526 
236 93477140 
261 93481623 
261 93485686 
236 93489745 
211 93494224 
161 93499190 
86 93505583 
0 93517416 
0 93607653 
0 93697886 
0 93788136 
36 93878424 
111 93906394 
186 93915652 
261 93921268 
311 93925368 
336 93928833 
336 93932053 
311 93935277 
261 93938741 
186 93942814 
111 93948426 
11 93957623 
0 94047885 
0 94138121 
0 94228270 
11 94318522 
61 94408797 
161 94425401 
261 94431845 
336 94435898 
386 94439095 
411 94441917 
411 94444537 
386 94447187 
361 94449996 
311 94452998 
236 94456431 
136 94460884 
11 94468460 
0 94558652 
0 94648904 
0 94739182 
0 94829369 
36 94919652 
111 94947552 
186 94956753 
261 94962402 
311 94966465 
336 94969910 
336 94973118 
311 94976246 
261 94979690 
186 94983754 
111 94989352 
11 94998591 
0 95088834 
0 95179076 
0 95269295 
36 95359535 
111 95387450 
186 95396714 
236 95402379 
261 95406858 
261 95410952 
236 95415056 
186 95419546 
136 95425176 
61 95432771 
0 95449374 
0 95539640 
0 95629906 
11 95720154 
36 95810403 
111 95838368 
186 95847640 
261 95853236 
311 95857309 
336 95860769 
336 95863990 
311 95867182 
261 95870569 
186 95874614 
111 95880206 
11 95889420 
0 95979680 
0 96069951 
0 96160213 
36 96250470 
86 96278410 
136 96290281 
186 96297853 
211 96303450 
211 96308408 
186 96313364 
161 96318944 
111 96325339 
36 96334567 
0 96362511 
0 96452781 
0 96543050 
11 96633255 
36 96723478 
111 96751384 
186 96760593 
261 96766182 
311 96770151 
336 96773571 
336 96776755 
311 96779936 
261 96783298 
186 96787300 
111 96792882 
11 96802089 
0 96892297 
0 96982503 
0 97072711 
11 97162921 
61 97253131 
161 97269705 
261 97276128 
336 97280103 
386 97283285 
411 97286082 
411 97288687 
386 97291326 
336 97294123 
261 97297308 
186 97301342 
86 97306902 
0 97318723 
0 97408902 
0 97499111 
0 97589321 
11 97679531 
61 97769738 
161 97786309 
261 97792727 
336 97796765 
386 97799948 
411 97802747 
411 97805387 
386 97808025 
336 97810720 
286 97813875 
211 97817567 
111 97822512 
0 97831721 
0 97921929 
0 98012136 
0 98102345 
0 98192502 
36 98282708 
111 98310609 
186 98319819 
236 98325354 
261 98329792 
286 98333829 
286 98337537 
261 98341240 
211 98345277 
136 98350222 
36 98357777 
0 98385642 
0 98475810 
0 98566012 
0 98656220 
36 98746382 
111 98774282 
186 98783473 
261 98789006 
311 98793038 
336 98796396 
336 98799577 
311 98802758 
261 98806178 
186 98810177 
86 98815756 
0 98827583 
0 98917791 
0 99007999 
0 99098208 
36 99188348 
86 99216247 
136 99228067 
186 99235582 
211 99241160 
211 99246105 
186 99251003 
136 99256517 
61 99264069 
0 99280636 
0 99370843 
0 99461077 
11 99551295 
36 99641547 
111 99669526 
186 99678798 
261 99684452 
311 99688471 
336 99691935 
336 99695173 
311 99698371 
261 99701830 
186 99705915 
86 99711527 
0 99723373 
0 99813595 
0 99903768 
0 99993994 
36 100084226 
111 100112081 
186 100121250 
236 100126833 
261 100131248 
261 100135284 
261 100139322 
236 100143358 
186 100147800 
111 100153379 
11 100162588 
0 100252793 
0 100343004 
0 100433225 
36 100523490 
111 100551387 
186 100560558 
236 100566138 
261 100570538 
261 100574575 
236 100578587 
186 100583030 
136 100588564 
61 100596118 
0 100612691 
0 100702898 
0 100793110 
0 100883318 
36 100973544 
111 101001447 
186 101010653 
261 101016234 
311 101020230 
336 101023632 
336 101026817 
311 101029999 
261 101033393 
186 101037381 
86 101042960 
0 101054733 
0 101144912 
0 101235120 
0 101325330 
36 101415565 
111 101443481 
186 101452692 
236 101458275 
261 101462726 
261 101466764 
261 101470734 
236 101474777 
186 101479221 
111 101484808 
11 101494015 
0 101584235 
0 101674460 
0 101764672 
36 101854833 
111 101882803 
186 101892086 
236 101897751 
261 101902268 
261 101906374 
236 101910496 
211 101915001 
161 101920008 
86 101926483 
0 101938262 
0 102028478 
0 102118682 
0 102208892 
11 102299102 
61 102389310 
161 102405881 
261 102412294 
336 102416305 
386 102419469 
411 102422235 
436 102424875 
436 102427308 
411 102429806 
361 102432380 
286 102435356 
186 102439060 
61 102444640 
0 102461179 
0 102551386 
0 102641595 
0 102731804 
11 102821983 
61 102912196 
161 102928733 
236 102935128 
286 102939570 
336 102943269 
361 102946452 
361 102949428 
336 102952404 
286 102955585 
211 102959288 
111 102964237 
0 102973414 
0 103063620 
0 103153827 
0 103244052 
11 103334283 
61 103424512 
161 103441088 
261 103447503 
336 103451538 
386 103454686 
411 103457483 
436 103460123 
436 103462623 
411 103465123 
361 103467766 
286 103470709 
186 103474395 
61 103479978 
0 103496516 
0 103586773 
0 103676982 
0 103767158 
0 103857413 
36 103947689 
111 103975587 
186 103984798 
236 103990379 
261 103994822 
261 103998858 
261 104002895 
236 104006928 
186 104011352 
111 104016933 
11 104026110 
0 104116318 
0 104206535 
0 104296746 
36 104386985 
111 104414947 
186 104424191 
236 104429790 
261 104434236 
261 104438276 
236 104442328 
211 104446773 
161 104451718 
86 104458133 
0 104469953 
0 104560163 
0 104650376 
0 104740587 
36 104830812 
111 104858716 
186 104867897 
261 104873475 
311 104877511 
336 104880933 
336 104884110 
311 104887243 
261 104890665 
186 104894699 
86 104900259 
0 104912080 
0 105002300 
0 105092556 
0 105182792 
11 105272973 
61 105363203 
161 105379760 
261 105386189 
336 105390243 
386 105393442 
411 105396258 
411 105398924 
386 105401559 
336 105404361 
261 105407543 
186 105411520 
86 105417071 
0 105428894 
0 105519168 
0 105609434 
0 105699656 
11 105789911 
61 105880212 
161 105896864 
236 105903350 
286 105907860 
311 105911624 
336 105915111 
336 105918368 
311 105921587 
261 105925067 
186 105929172 
86 105934795 
0 105946651 
0 106036934 
0 106127216 
0 106217498 
36 106307775 
111 106335715 
161 106344909 
211 106351345 
236 106356275 
236 106360691 
211 106365152 
161 106370118 
111 106376557 
36 106385795 
0 106413705 
0 106503948 
0 106594174 
0 106684437 
36 106774717 
111 106802700 
186 106811975 
236 106817632 
286 106822128 
311 106825886 
311 106829376 
286 106832844 
236 106836593 
161 106841097 
61 106847552 
0 106864151 
0 106954338 
0 107044578 
0 107134837 
11 107225070 
61 107315324 
161 107331976 
261 107338454 
336 107342567 
386 107345801 
411 107348649 
411 107351344 
386 107354050 
361 107356878 
311 107359883 
236 107363350 
136 107367851 
11 107375448 
0 107465717 
0 107555979 
0 107646228 
11 107736389 
61 107826620 
161 107843224 
261 107849644 
336 107853682 
386 107856864 
411 107859660 
411 107862304 
386 107864945 
336 107867742 
261 107870893 
186 107874932 
86 107880514 
0 107892352 
0 107982599 
0 108072810 
0 108163032 
0 108253210 
36 108343415 
111 108371292 
186 108380500 
236 108386082 
261 108390525 
261 108394560 
236 108398596 
211 108403039 
161 108407982 
86 108414397 
0 108426218 
0 108516428 
0 108606643 
0 108696861 
36 108787107 
111 108815074 
186 108824347 
261 108830001 
311 108834056 
336 108837526 
336 108840771 
311 108843993 
261 108847453 
186 108851531 
86 108857148 
0 108869014 
0 108959239 
0 109049477 
0 109139736 
36 109229993 
111 109257930 
186 109267156 
236 109272782 
261 109277213 
261 109281247 
261 109285282 
236 109289289 
186 109293733 
111 109299317 
11 109308526 
0 109398737 
0 109488992 
0 109579255 
36 109669509 
111 109697453 
186 109706715 
236 109712374 
261 109716856 
261 109720896 
236 109724970 
186 109729431 
136 109735062 
61 109742644 
0 109759234 
0 109849484 
0 109939746 
0 110030017 
36 110120312 
111 110148301 
186 110157554 
261 110163200 
311 110167282 
336 110170724 
336 110173952 
311 110177176 
261 110180637 
186 110184725 
111 110190342 
11 110199598 
0 110289826 
0 110380076 
0 110470338 
11 110560567 
61 110650720 
161 110667293 
236 110673707 
311 110678150 
361 110681572 
386 110684549 
386 110687345 
361 110690143 
311 110693094 
236 110696518 
136 110700964 
11 110708520 
0 110798709 
0 110888918 
0 110979127 
36 111069337 
86 111097237 
136 111109061 
161 111116616 
161 111123030 
161 111129443 
136 111135856 
86 111143409 
11 111155228 
0 111245442 
0 111335669 
36 111425900 
111 111453849 
186 111463115 
236 111468711 
261 111473211 
261 111477304 
236 111481396 
211 111485854 
161 111490835 
86 111497283 
0 111509155 
0 111599409 
0 111689663 
0 111779889 
36 111870114 
111 111898072 
186 111907376 
261 111912958 
311 111917011 
336 111920493 
336 111923715 
311 111926938 
261 111930403 
186 111934487 
86 111940105 
0 111951944 
0 112042206 
0 112132462 
0 112222735 
11 112312981 
61 112403259 
161 112419859 
236 112426279 
286 112430743 
336 112434450 
361 112437639 
361 112440622 
336 112443609 
286 112446795 
211 112450500 
111 112455457 
0 112464634 
0 112554845 
0 112645067 
0 112735275 
36 112825513 
111 112853434 
161 112862648 
211 112869022 
236 112873972 
236 112878420 
211 112882879 
161 112887761 
111 112894187 
36 112903396 
0 112931302 
0 113021493 
0 113111716 
11 113201985 
61 113292265 
161 113308843 
236 113315321 
311 113319806 
361 113323240 
386 113326274 
386 113329114 
361 113331951 
311 113334952 
236 113338358 
136 113342816 
11 113350381 
0 113440595 
0 113530826 
0 113621004 
11 113711215 
61 113801428 
161 113817973 
261 113824323 
336 113828276 
386 113831460 
411 113834259 
411 113836899 
411 113839537 
386 113842131 
336 113844925 
