0 12 
12 90210 
13 173000 
14 249520 
15 320645 
16 387038 
17 449353 
18 508069 
19 563564 
20 616139 
21 666137 
22 713705 
23 759112 
24 802591 
25 844275 
26 884307 
27 922815 
28 959913 
29 995696 
30 1030259 
31 1063676 
32 1096029 
33 1127382 
34 1157795 
35 1187321 
36 1216011 
37 1243912 
38 1271071 
39 1297531 
40 1323338 
41 1348514 
42 1373063 
43 1397048 
44 1420476 
45 1443370 
46 1465772 
47 1487691 
48 1509130 
49 1530141 
50 1550731 
51 1570916 
52 1590705 
53 1610135 
54 1629185 
55 1647900 
56 1666294 
57 1684327 
58 1702062 
59 1719494 
60 1736650 
61 1753538 
62 1770117 
63 1786453 
64 1802531 
65 1818357 
66 1833965 
67 1849307 
68 1864381 
69 1879284 
70 1893979 
71 1908424 
72 1922695 
73 1936774 
74 1950672 
75 1964340 
76 1977858 
77 1991207 
78 2004359 
79 2017364 
80 2030173 
81 2042863 
82 2055396 
83 2067783 
84 2080025 
85 2092123 
86 2104079 
87 2115901 
88 2127590 
89 2139118 
90 2150550 
90 2161816 
89 2173118 
88 2184547 
87 2196102 
86 2207793 
85 2219574 
84 2231533 
83 2243637 
82 2255879 
81 2268264 
80 2280799 
79 2293486 
78 2306337 
77 2319345 
76 2332520 
75 2345874 
74 2359322 
73 2372987 
72 2386867 
71 2400945 
70 2415216 
69 2429654 
68 2444328 
67 2459218 
66 2474327 
65 2489663 
64 2505228 
63 2521032 
62 2537084 
61 2553392 
60 2569930 
59 2586772 
58 2603896 
57 2621283 
56 2638999 
55 2657027 
54 2675376 
53 2694063 
52 2713102 
51 2732502 
50 2752295 
49 2772486 
48 2793083 
47 2814103 
46 2835563 
45 2857474 
44 2879815 
43 2902700 
42 2926103 
41 2950025 
40 2974520 
39 2999605 
38 3025381 
37 3051830 
36 3079025 
35 3106990 
34 3135752 
33 3165319 
32 3195739 
31 3227120 
30 3259491 
29 3292982 
28 3327614 
27 3363451 
26 3400613 
25 3439190 
24 3479282 
23 3521048 
22 3564582 
21 3609996 
20 3657625 
19 3707614 
18 3760213 
17 3815702 
16 3874367 
15 3936711 
14 4003162 
13 4074310 
12 4150859 
11 4233715 
10 4323944 
9 4423052 
8 4532950 
7 4656459 
6 4797318 
5 4961215 
4 5157059 
5 5400577 
6 5596502 
7 5760360 
8 5901160 
9 6024660 
10 6134633 
11 6233705 
12 6323913 
13 6406691 
14 6483172 
15 6554197 
16 6620577 
17 6682855 
18 6741458 
19 6796877 
20 6849413 
21 6899293 
22 6946864 
23 6992260 
24 7035737 
25 7077421 
26 7117453 
27 7155959 
28 7193054 
29 7228830 
30 7263388 
31 7296804 
32 7329156 
33 7360529 
34 7390966 
35 7420525 
36 7449246 
37 7477180 
38 7504369 
39 7530855 
40 7556646 
41 7581731 
42 7606276 
43 7630233 
44 7653628 
45 7676502 
46 7698896 
47 7720797 
48 7742195 
49 7763207 
50 7783820 
51 7804005 
52 7823787 
53 7843181 
54 7862220 
55 7880905 
56 7899257 
57 7917287 
58 7935017 
59 7952438 
60 7969587 
61 7986405 
62 8002979 
63 8019284 
64 8035337 
65 8051120 
66 8066692 
67 8081993 
68 8097103 
69 8111994 
70 8126651 
71 8141121 
72 8155387 
73 8169416 
74 8183248 
75 8196946 
76 8210410 
77 8223758 
78 8236934 
79 8249945 
80 8262792 
81 8275448 
82 8287983 
83 8300370 
84 8312611 
85 8324708 
86 8336668 
87 8348488 
88 8360179 
89 8371750 
90 8383180 
91 8394466 
92 8405650 
93 8416712 
94 8427654 
95 8438487 
96 8449209 
97 8459824 
98 8470327 
99 8480664 
100 8490901 
101 8501037 
102 8511063 
103 8521046 
104 8530957 
105 8540772 
106 8550463 
107 8560092 
108 8569638 
109 8579098 
110 8588471 
111 8597758 
112 8606968 
113 8616092 
114 8625137 
115 8634111 
116 8642973 
117 8651794 
118 8660537 
118 8669212 
118 8677850 
117 8686522 
116 8695269 
115 8704060 
114 8712957 
113 8721926 
112 8730972 
111 8740099 
110 8749308 
109 8758597 
108 8767969 
107 8777426 
106 8786971 
105 8796602 
104 8806289 
103 8816101 
102 8826007 
101 8836008 
100 8846107 
99 8856302 
98 8866598 
97 8876994 
96 8887498 
95 8898109 
94 8908831 
93 8919665 
92 8930612 
91 8941652 
90 8952834 
89 8964138 
88 8975567 
87 8987091 
86 8998779 
85 9010599 
84 9022554 
83 9034652 
82 9046894 
81 9059300 
80 9071843 
79 9084520 
78 9097336 
77 9110346 
76 9123504 
75 9136854 
74 9150347 
73 9164050 
72 9177935 
71 9191941 
70 9206162 
69 9220627 
68 9235304 
67 9250190 
66 9265297 
65 9280630 
64 9296160 
63 9311966 
62 9328021 
61 9344334 
60 9360878 
59 9377725 
58 9394856 
57 9412279 
56 9430002 
55 9448035 
54 9466396 
53 9485093 
52 9504168 
51 9523624 
50 9543421 
49 9563600 
48 9584178 
47 9605240 
46 9626727 
45 9648648 
44 9671036 
43 9693951 
42 9717413 
41 9741437 
40 9765980 
39 9791151 
38 9816936 
37 9843388 
36 9870580 
35 9898483 
34 9927229 
33 9956798 
32 9987224 
31 10018578 
30 10050954 
29 10084406 
28 10119004 
27 10154770 
26 10191866 
25 10230412 
24 10270458 
23 10312197 
22 10355702 
21 10401177 
20 10448789 
19 10498779 
18 10551370 
17 10606863 
16 10665589 
15 10727926 
14 10794398 
13 10865528 
12 10942073 
11 11024902 
10 11115118 
9 11214200 
8 11324202 
7 11447766 
6 11588665 
5 11752577 
4 11948501 
3 12191971 
2 12513632 
3 12987583 
4 13309281 
5 13552764 
6 13748630 
7 13912541 
8 14053457 
9 14177032 
10 14287077 
11 14386237 
12 14476512 
13 14559330 
14 14635866 
15 14706952 
16 14773366 
17 14835697 
18 14894446 
19 14949863 
20 15002434 
21 15052442 
22 15100085 
23 15145519 
24 15189010 
25 15230714 
26 15270748 
27 15309268 
28 15346371 
29 15382159 
30 15416770 
31 15450234 
32 15482641 
33 15514054 
34 15544506 
35 15574032 
36 15602799 
37 15630751 
38 15657940 
39 15684427 
40 15710180 
41 15735286 
42 15759808 
43 15783795 
44 15807211 
45 15830119 
46 15852549 
47 15874511 
48 15896033 
49 15916999 
50 15937501 
51 15957660 
52 15977448 
53 15996858 
54 16015824 
55 16034433 
56 16052697 
57 16070682 
58 16088397 
59 16105750 
60 16122877 
61 16139723 
62 16156294 
63 16172601 
64 16188675 
65 16204455 
66 16220024 
67 16235364 
68 16250479 
69 16265357 
70 16280032 
71 16294505 
72 16308787 
73 16322879 
74 16336766 
75 16350433 
76 16363952 
77 16377311 
78 16390504 
79 16403516 
80 16416365 
81 16429058 
82 16441590 
83 16453978 
84 16466220 
85 16478318 
86 16490276 
87 16502097 
88 16513786 
89 16525342 
90 16536767 
91 16548028 
92 16559228 
93 16570294 
94 16581250 
95 16592081 
96 16602784 
97 16613396 
98 16623898 
99 16634276 
100 16644572 
101 16654728 
102 16664826 
103 16674828 
104 16684733 
105 16694510 
106 16704230 
107 16713864 
108 16723408 
109 16732865 
110 16742238 
111 16751527 
112 16760735 
113 16769862 
114 16778882 
115 16787853 
116 16796750 
117 16805577 
118 16814319 
119 16822959 
120 16831559 
121 16840092 
122 16848518 
123 16856913 
124 16865245 
125 16873510 
126 16881712 
127 16889786 
128 16897797 
129 16905747 
130 16913701 
131 16921595 
132 16929431 
133 16937210 
134 16944932 
135 16952599 
136 16960208 
137 16967763 
138 16975261 
139 16982710 
140 16990106 
141 16997450 
142 17004677 
143 17011848 
144 17019046 
145 17026178 
146 17033284 
147 17040352 
148 17047357 
149 17054318 
150 17061232 
151 17068102 
152 17074881 
153 17081653 
154 17088340 
155 17095001 
155 17101656 
154 17108309 
153 17114974 
152 17121666 
151 17128429 
150 17135256 
149 17142107 
148 17149004 
147 17155940 
146 17162946 
145 17169964 
144 17177065 
143 17184209 
142 17191404 
141 17198650 
140 17205943 
139 17213290 
138 17220687 
137 17228135 
136 17235599 
135 17243150 
134 17250759 
133 17258372 
132 17266021 
131 17273725 
130 17281566 
129 17289456 
128 17297391 
127 17305405 
126 17313481 
125 17321620 
124 17329821 
123 17338085 
122 17346416 
121 17354813 
120 17363278 
119 17371812 
118 17380415 
117 17389087 
116 17397835 
115 17406656 
114 17415553 
113 17424524 
112 17433580 
111 17442707 
110 17451916 
109 17461205 
108 17470578 
107 17480034 
106 17489585 
105 17499215 
104 17508936 
103 17518763 
102 17528676 
101 17538691 
100 17548799 
99 17558997 
98 17569295 
97 17579698 
96 17590215 
95 17600828 
94 17611548 
93 17622387 
92 17633335 
91 17644401 
90 17655587 
89 17666895 
88 17678290 
87 17689850 
86 17701541 
85 17713356 
84 17725311 
83 17737408 
82 17749648 
81 17762036 
80 17774572 
79 17787234 
78 17800081 
77 17813092 
76 17826267 
75 17839613 
74 17853136 
73 17866839 
72 17880729 
71 17894801 
70 17909070 
69 17923550 
68 17938244 
67 17953136 
66 17968244 
65 17983590 
64 17999166 
63 18014938 
62 18031005 
61 18047314 
60 18063899 
59 18080752 
58 18097884 
57 18115301 
56 18133033 
55 18151065 
54 18169432 
53 18188138 
52 18207262 
51 18226716 
50 18246534 
49 18266757 
48 18287375 
47 18308432 
46 18329959 
45 18351847 
44 18374172 
43 18396990 
42 18420333 
41 18444221 
40 18468682 
39 18493748 
38 18519457 
37 18545828 
36 18572977 
35 18600824 
34 18629512 
33 18659039 
32 18689451 
31 18720806 
30 18753161 
29 18786580 
28 18821121 
27 18856907 
26 18894003 
25 18932510 
24 18972541 
23 19014227 
22 19057714 
21 19103161 
20 19150751 
19 19200665 
18 19253215 
17 19308652 
16 19367321 
15 19429628 
14 19496042 
13 19567147 
12 19643634 
11 19726415 
10 19816646 
9 19915776 
8 20025751 
7 20149247 
6 20290122 
5 20454035 
4 20649947 
3 20893452 
2 21215084 
1 21688981 
0 22589188 
1 22999459 
2 23899617 
3 24373509 
4 24695074 
5 24938486 
6 25134273 
7 25298076 
8 25438874 
9 25562331 
10 25672227 
11 25771332 
12 25861551 
13 25944271 
14 26020686 
15 26091715 
16 26158056 
17 26220330 
18 26278948 
19 26334334 
20 26386865 
21 26436797 
22 26484374 
23 26529810 
24 26573288 
25 26614901 
26 26654847 
27 26693259 
28 26730262 
29 26765950 
30 26800416 
31 26833741 
32 26865998 
33 26897255 
34 26927571 
35 26957016 
36 26985621 
37 27013434 
38 27040496 
39 27066850 
40 27092550 
41 27117604 
42 27142068 
43 27165954 
44 27189358 
45 27212240 
46 27234615 
47 27256526 
48 27277980 
49 27298996 
50 27319567 
51 27339749 
52 27359549 
53 27378967 
54 27397969 
55 27416677 
56 27435052 
57 27453088 
58 27470801 
59 27488160 
60 27505224 
61 27521991 
62 27538491 
63 27554742 
64 27570792 
65 27586601 
66 27602168 
67 27617505 
68 27632611 
69 27647500 
70 27662136 
71 27676606 
72 27690880 
73 27704959 
74 27718848 
75 27732551 
76 27746076 
77 27759387 
78 27772562 
79 27785578 
80 27798382 
81 27811039 
82 27823547 
83 27835932 
84 27848142 
85 27860239 
86 27872198 
87 27884019 
88 27895707 
89 27907266 
90 27918694 
91 27930001 
92 27941186 
93 27952248 
94 27963199 
95 27974036 
96 27984759 
97 27995315 
98 28005822 
99 28016157 
100 28026408 
101 28036606 
102 28046705 
103 28056707 
104 28066612 
105 28076423 
106 28086146 
107 28095749 
108 28105295 
109 28114754 
110 28124128 
111 28133413 
112 28142623 
113 28151751 
114 28160752 
115 28169700 
116 28178576 
117 28187396 
118 28196143 
119 28204747 
120 28213351 
121 28221885 
122 28230351 
123 28238752 
124 28247083 
125 28255348 
126 28263550 
127 28271686 
128 28279761 
129 28287774 
130 28295730 
131 28303624 
132 28311460 
133 28319234 
134 28326951 
135 28334590 
136 28342163 
137 28349718 
138 28357219 
139 28364662 
140 28372019 
141 28379362 
142 28386655 
143 28393899 
144 28401095 
145 28408243 
146 28415341 
147 28422357 
148 28429360 
149 28436318 
150 28443231 
151 28450100 
152 28456890 
153 28463667 
154 28470373 
155 28477069 
156 28483724 
157 28490283 
158 28496856 
159 28503384 
160 28509878 
161 28516332 
162 28522723 
163 28529100 
164 28535440 
165 28541677 
165 28547938 
165 28554203 
164 28560468 
163 28566769 
162 28573107 
161 28579484 
160 28585867 
159 28592317 
158 28598808 
157 28605340 
156 28611908 
155 28618520 
154 28625177 
153 28631870 
152 28638608 
151 28645389 
150 28652178 
149 28659048 
148 28665964 
147 28672922 
146 28679928 
145 28686981 
144 28694081 
143 28701172 
142 28708369 
141 28715613 
140 28722908 
139 28730254 
138 28737653 
137 28745102 
136 28752605 
135 28760160 
134 28767763 
133 28775425 
132 28783145 
131 28790923 
130 28798755 
129 28806646 
128 28814599 
127 28822611 
126 28830684 
125 28838822 
124 28847026 
123 28855288 
122 28863621 
121 28872018 
120 28880484 
119 28889017 
118 28897621 
117 28906243 
116 28914936 
115 28923750 
114 28932627 
113 28941603 
112 28950650 
111 28959777 
110 28968985 
109 28978274 
108 28987648 
107 28997104 
106 29006647 
105 29016280 
104 29026002 
103 29035813 
102 29045653 
101 29055654 
100 29065752 
99 29075950 
98 29086251 
97 29096653 
96 29107094 
95 29117589 
94 29128244 
93 29139035 
92 29149949 
91 29161013 
90 29172194 
89 29183501 
88 29194932 
87 29206515 
86 29218204 
85 29229990 
84 29241947 
83 29254046 
82 29266288 
81 29278677 
80 29291215 
79 29303907 
78 29316756 
77 29329701 
76 29342876 
75 29356223 
74 29369746 
73 29383415 
72 29397306 
71 29411383 
70 29425654 
69 29440126 
68 29454803 
67 29469693 
66 29484802 
65 29500136 
64 29515704 
63 29531511 
62 29547565 
61 29563875 
60 29580448 
59 29597292 
58 29614416 
57 29631797 
56 29649515 
55 29667547 
54 29685902 
53 29704591 
52 29723629 
51 29743024 
50 29762799 
49 29782962 
48 29803528 
47 29824520 
46 29845956 
45 29867853 
44 29890229 
43 29913109 
42 29936516 
41 29960474 
40 29985010 
39 30010076 
38 30035853 
37 30062302 
36 30089458 
35 30117356 
34 30146049 
33 30175575 
32 30205951 
31 30237302 
30 30269687 
29 30303106 
28 30337655 
27 30373400 
26 30410492 
25 30448998 
24 30489030 
23 30530711 
22 30574192 
21 30619629 
20 30667209 
19 30717144 
18 30769653 
17 30825077 
16 30883732 
15 30946009 
14 31012397 
13 31083475 
12 31159957 
11 31242740 
10 31332970 
9 31432050 
8 31541983 
7 31665496 
6 31806347 
5 31970267 
4 32166204 
3 32409733 
2 32731428 
1 33205381 
0 34105632 
1 34515927 
2 35416152 
3 35890066 
4 36211723 
5 36455181 
6 36651050 
7 36814906 
8 36955760 
9 37079261 
10 37189246 
11 37288373 
12 37378601 
13 37461396 
14 37537894 
15 37608988 
16 37675394 
17 37737689 
18 37796357 
19 37851788 
20 37904325 
21 37954271 
22 38001854 
23 38047295 
24 38090790 
25 38132516 
26 38172641 
27 38211246 
28 38248414 
29 38284289 
30 38318931 
31 38352422 
32 38384851 
33 38416241 
34 38446700 
35 38476290 
36 38505047 
37 38533010 
38 38560228 
39 38586770 
40 38612633 
41 38637860 
42 38662470 
43 38686501 
44 38709976 
45 38732906 
46 38755342 
47 38777305 
48 38798813 
49 38819847 
50 38840450 
51 38860651 
52 38880441 
53 38899872 
54 38918937 
55 38937671 
56 38956108 
57 38974184 
58 38991954 
59 39009419 
60 39026588 
61 39043467 
62 39060058 
63 39076382 
64 39092453 
65 39108285 
66 39123860 
67 39139217 
68 39154346 
69 39169253 
70 39183947 
71 39198396 
72 39212680 
73 39226771 
74 39240598 
75 39254224 
76 39267664 
77 39280919 
78 39294002 
79 39306938 
80 39319714 
81 39332331 
82 39344776 
83 39357070 
84 39369228 
85 39381235 
86 39393113 
87 39404859 
88 39416470 
89 39427978 
90 39439365 
91 39450651 
92 39461833 
93 39472897 
94 39483843 
95 39494677 
96 39505347 
97 39515915 
98 39526350 
99 39536681 
100 39546904 
101 39557011 
102 39567015 
103 39576923 
104 39586756 
105 39596478 
106 39606123 
107 39615681 
108 39625134 
109 39634501 
110 39643781 
111 39652978 
112 39662093 
113 39671129 
114 39680104 
115 39689064 
116 39697962 
117 39706783 
118 39715530 
119 39724203 
120 39732802 
121 39741267 
122 39749679 
123 39758045 
124 39766375 
125 39774604 
126 39782804 
127 39790910 
128 39798979 
129 39806993 
130 39814915 
131 39822806 
132 39830640 
133 39838389 
134 39846110 
135 39853710 
136 39861318 
137 39868847 
138 39876342 
139 39883790 
140 39891187 
141 39898532 
142 39905826 
143 39913003 
144 39920127 
145 39927182 
146 39934268 
147 39941319 
148 39948276 
149 39955213 
150 39962134 
151 39969009 
152 39975851 
153 39982636 
154 39989395 
155 39996029 
156 40002613 
157 40009136 
158 40015676 
159 40022210 
160 40028703 
161 40035158 
162 40041580 
163 40047957 
164 40054296 
165 40060598 
165 40066866 
164 40073130 
163 40079426 
162 40085765 
161 40092140 
160 40098556 
159 40105011 
158 40111503 
157 40118000 
156 40124572 
155 40131186 
154 40137775 
153 40144388 
152 40151036 
151 40157727 
150 40164457 
149 40171232 
148 40178071 
147 40184940 
146 40191870 
145 40198830 
144 40205839 
143 40212910 
142 40220018 
141 40227171 
140 40234375 
139 40241629 
138 40248933 
137 40256291 
136 40263716 
135 40271179 
134 40278696 
133 40286267 
132 40293894 
131 40301580 
130 40309334 
129 40317159 
128 40325089 
127 40333085 
126 40341140 
125 40349279 
124 40357442 
123 40365639 
122 40373900 
121 40382262 
120 40390694 
119 40399197 
118 40407799 
117 40416473 
116 40425162 
115 40433983 
114 40442847 
113 40451820 
112 40460867 
111 40469992 
110 40479201 
109 40488493 
108 40497870 
107 40507330 
106 40516875 
105 40526509 
104 40536231 
103 40546046 
102 40555952 
101 40565954 
100 40576057 
99 40586256 
98 40596550 
97 40606953 
96 40617460 
95 40628069 
94 40638793 
93 40649596 
92 40660544 
91 40671610 
90 40682794 
89 40694102 
88 40705533 
87 40717093 
86 40728779 
85 40740601 
84 40752560 
83 40764586 
82 40776759 
81 40789070 
80 40801523 
79 40814146 
78 40826932 
77 40839869 
76 40852998 
75 40866308 
74 40879827 
73 40893500 
72 40907386 
71 40921462 
70 40935734 
69 40950205 
68 40964880 
67 40979770 
66 40994843 
65 41010176 
64 41025743 
63 41041546 
62 41057600 
61 41073910 
60 41090481 
59 41107305 
58 41124432 
57 41141846 
56 41159533 
55 41177566 
54 41195920 
53 41214608 
52 41233612 
51 41252955 
50 41272693 
49 41292824 
48 41313387 
47 41334348 
46 41355780 
45 41377651 
44 41400022 
43 41422902 
42 41446305 
41 41470260 
40 41494792 
39 41519852 
38 41545632 
37 41572077 
36 41599230 
35 41627130 
34 41655820 
33 41685341 
32 41715752 
31 41747101 
30 41779451 
29 41812870 
28 41847428 
27 41883213 
26 41920310 
25 41958817 
24 41998852 
23 42040537 
22 42084017 
21 42129450 
20 42177028 
19 42226964 
18 42279497 
17 42334921 
16 42393574 
15 42455852 
14 42522208 
13 42593278 
12 42669757 
11 42752545 
10 42842764 
9 42941883 
8 43051850 
7 43175358 
6 43316200 
5 43480047 
4 43675891 
3 43919350 
2 44240986 
1 44714890 
0 45615114 
1 46025374 
2 46925602 
3 47399562 
4 47721272 
5 47964771 
6 48160712 
7 48324592 
8 48465454 
9 48588962 
10 48698960 
11 48798058 
12 48888304 
13 48971110 
14 49047627 
15 49118725 
16 49185161 
17 49247491 
18 49306179 
19 49361619 
20 49414122 
21 49464090 
22 49511716 
23 49557181 
24 49600664 
25 49642381 
26 49682419 
27 49720975 
28 49758162 
29 49793957 
30 49828615 
31 49862053 
32 49894488 
33 49925914 
34 49956395 
35 49986012 
36 50014789 
37 50042781 
38 50070021 
39 50096558 
40 50122357 
41 50147571 
42 50172148 
43 50196167 
44 50219658 
45 50242622 
46 50265073 
47 50287032 
48 50308539 
49 50329634 
50 50350265 
51 50370468 
52 50390236 
53 50409663 
54 50428756 
55 50447532 
56 50465970 
57 50484075 
58 50501859 
59 50519315 
60 50536477 
61 50553368 
62 50569926 
63 50586227 
64 50602301 
65 50618104 
66 50633685 
67 50649042 
68 50664174 
69 50679066 
70 50693675 
71 50708112 
72 50722381 
73 50736457 
74 50750306 
75 50764006 
76 50777527 
77 50790842 
78 50804017 
79 50817026 
80 50829806 
81 50842496 
82 50855030 
83 50867419 
84 50879660 
85 50891699 
86 50903655 
87 50915476 
88 50927161 
89 50938716 
90 50950109 
91 50961413 
92 50972598 
93 50983661 
94 50994612 
95 51005457 
96 51016181 
97 51026789 
98 51037295 
99 51047671 
100 51057948 
101 51068111 
102 51078208 
103 51088171 
104 51098077 
105 51107872 
106 51117536 
107 51127165 
108 51136707 
109 51146132 
110 51155505 
111 51164793 
112 51173983 
113 51183042 
114 51192006 
115 51200886 
116 51209690 
117 51218419 
118 51227074 
119 51235673 
120 51244195 
121 51252639 
122 51261013 
123 51269321 
124 51277563 
125 51285737 
126 51293846 
127 51301892 
128 51309875 
129 51317797 
130 51325657 
131 51333455 
132 51341197 
133 51348884 
134 51356530 
135 51364145 
136 51371664 
137 51379136 
138 51386562 
139 51393922 
140 51401228 
141 51408491 
142 51415696 
143 51422849 
144 51429953 
145 51437006 
146 51444013 
147 51450977 
148 51457892 
149 51464759 
150 51471581 
151 51478375 
152 51485129 
153 51491820 
154 51498469 
155 51505076 
156 51511639 
157 51518162 
158 51524639 
159 51531080 
160 51537498 
161 51543946 
162 51550327 
163 51556703 
164 51563039 
165 51569340 
165 51575554 
164 51581733 
163 51588025 
162 51594365 
161 51600742 
160 51607156 
159 51613580 
158 51620073 
157 51626607 
156 51633181 
155 51639795 
154 51646450 
153 51653146 
152 51659885 
151 51666670 
150 51673495 
149 51680323 
148 51687199 
147 51694122 
146 51701092 
145 51708142 
144 51715206 
143 51722354 
142 51729550 
141 51736801 
140 51744093 
139 51751406 
138 51758769 
137 51766182 
136 51773616 
135 51781168 
134 51788746 
133 51796409 
132 51804070 
131 51811846 
130 51819680 
129 51827572 
128 51835523 
127 51843537 
126 51851613 
125 51859752 
124 51867952 
123 51876219 
122 51884550 
121 51892924 
120 51901414 
119 51909944 
118 51918517 
117 51927188 
116 51935937 
115 51944758 
114 51953601 
113 51962545 
112 51971590 
111 51980723 
110 51989932 
109 51999222 
108 52008595 
107 52018022 
106 52027542 
105 52037176 
104 52046899 
103 52056713 
102 52066565 
101 52076482 
100 52086570 
99 52096745 
98 52107041 
97 52117443 
96 52127950 
95 52138564 
94 52149287 
93 52160119 
92 52171068 
91 52182096 
90 52193216 
89 52204521 
88 52215952 
87 52227512 
86 52239198 
85 52251020 
84 52262911 
83 52274931 
82 52287084 
81 52299380 
80 52311825 
79 52324424 
78 52337181 
77 52350111 
76 52363214 
75 52376469 
74 52389910 
73 52403535 
72 52417329 
71 52431312 
70 52445490 
69 52459872 
68 52474475 
67 52489272 
66 52504305 
65 52519549 
64 52535042 
63 52550775 
62 52566818 
61 52583124 
60 52599698 
59 52616534 
58 52633661 
57 52651075 
56 52668794 
55 52686808 
54 52705163 
53 52723868 
52 52742922 
51 52762341 
50 52782051 
49 52802127 
48 52822606 
47 52843587 
46 52865021 
45 52886918 
44 52909247 
43 52932122 
42 52955527 
41 52979484 
40 53004019 
39 53029156 
38 53054931 
37 53081380 
36 53108533 
35 53136436 
34 53165126 
33 53194650 
32 53225001 
31 53256348 
30 53288697 
29 53322066 
28 53356542 
27 53392247 
26 53429281 
25 53467725 
24 53507708 
23 53549300 
22 53592686 
21 53638048 
20 53685548 
19 53735402 
18 53787844 
17 53843174 
16 53901732 
15 53964004 
14 54030356 
13 54101364 
12 54177787 
11 54260572 
10 54350783 
9 54449908 
8 54559943 
7 54683475 
6 54824350 
5 54988233 
4 55184137 
3 55427647 
2 55749251 
1 56223140 
0 57123344 
1 57533642 
2 58433857 
3 58907751 
4 59229403 
5 59472806 
6 59668632 
7 59832479 
8 59973259 
9 60097034 
10 60206996 
11 60306108 
12 60396317 
13 60479094 
14 60555551 
15 60626625 
16 60693009 
17 60755286 
18 60813887 
19 60869252 
20 60921785 
21 60971687 
22 61019260 
23 61064648 
24 61108124 
25 61149776 
26 61189743 
27 61228251 
28 61265317 
29 61301100 
30 61335662 
31 61369082 
32 61401435 
33 61432787 
34 61463176 
35 61492694 
36 61521387 
37 61549289 
38 61576448 
39 61602899 
40 61628677 
41 61653817 
42 61678327 
43 61702278 
44 61725680 
45 61748563 
46 61770939 
47 61792840 
48 61814275 
49 61835264 
50 61855833 
51 61875996 
52 61895771 
53 61915166 
54 61934134 
55 61952822 
56 61971173 
57 61989204 
58 62006921 
59 62024301 
60 62041427 
61 62058271 
62 62074821 
63 62091108 
64 62107127 
65 62122865 
66 62138428 
67 62153706 
68 62168814 
69 62183702 
70 62198379 
71 62212852 
72 62227072 
73 62241100 
74 62254986 
75 62268684 
76 62282167 
77 62295514 
78 62308641 
79 62321651 
80 62334501 
81 62347190 
82 62359688 
83 62372082 
84 62384322 
85 62396414 
86 62408349 
87 62420153 
88 62431840 
89 62443393 
90 62454824 
91 62466130 
92 62477290 
93 62488327 
94 62499277 
95 62510112 
96 62520836 
97 62531416 
98 62541870 
99 62552244 
100 62562540 
101 62572737 
102 62582837 
103 62592836 
104 62602741 
105 62612554 
106 62622275 
107 62631911 
108 62641421 
109 62650875 
110 62660243 
111 62669530 
112 62678707 
113 62687805 
114 62696830 
115 62705786 
116 62714684 
117 62723506 
118 62732187 
119 62740860 
120 62749430 
121 62757966 
122 62766401 
123 62774797 
124 62783128 
125 62791359 
126 62799561 
127 62807701 
128 62815776 
129 62823786 
130 62831740 
131 62839635 
132 62847471 
133 62855248 
134 62862969 
135 62870634 
136 62878208 
137 62885729 
138 62893229 
139 62900680 
140 62908024 
141 62915372 
142 62922646 
143 62929873 
144 62937068 
145 62944212 
146 62951293 
147 62958347 
148 62965353 
149 62972313 
150 62979204 
151 62986068 
152 62992889 
153 62999670 
154 63006381 
155 63013073 
156 63019722 
157 63026279 
158 63032845 
159 63039341 
160 63045786 
161 63052226 
162 63058639 
163 63065019 
164 63071319 
164 63077589 
163 63083894 
162 63090233 
161 63096611 
160 63102958 
159 63109405 
158 63115895 
157 63122400 
156 63128971 
155 63135583 
154 63142202 
153 63148869 
152 63155603 
151 63162388 
150 63169215 
149 63176037 
148 63182949 
147 63189858 
146 63196864 
145 63203915 
144 63211019 
143 63218164 
142 63225313 
141 63232492 
140 63239757 
139 63247103 
138 63254502 
137 63261949 
136 63269451 
135 63276957 
134 63284499 
133 63292117 
132 63299819 
131 63307599 
130 63315435 
129 63323330 
128 63331259 
127 63339270 
126 63347348 
125 63355487 
124 63363689 
123 63371894 
122 63380223 
121 63388625 
120 63397089 
119 63405626 
118 63414231 
117 63422904 
116 63431651 
115 63440473 
114 63449365 
113 63458306 
112 63467330 
111 63476407 
110 63485591 
109 63494858 
108 63504228 
107 63513687 
106 63523229 
105 63532835 
104 63542484 
103 63552296 
102 63562146 
101 63572121 
100 63582169 
99 63592365 
98 63602635 
97 63613034 
96 63623539 
95 63634118 
94 63644811 
93 63655644 
92 63666592 
91 63677624 
90 63688781 
89 63700082 
88 63711530 
87 63723120 
86 63734832 
85 63746651 
84 63758518 
83 63770614 
82 63782853 
81 63795223 
80 63807761 
79 63820452 
78 63833298 
77 63846327 
76 63859505 
75 63872853 
74 63886371 
73 63900117 
72 63913953 
71 63928004 
70 63942275 
69 63956724 
68 63971382 
67 63986241 
66 64001383 
65 64016719 
64 64032285 
63 64048104 
62 64064161 
61 64080467 
60 64097059 
59 64113914 
58 64131050 
57 64148471 
56 64166189 
55 64184220 
54 64202550 
53 64221216 
52 64240281 
51 64259695 
50 64279487 
49 64299656 
48 64320222 
47 64341215 
46 64362652 
45 64384494 
44 64406867 
43 64429762 
42 64453145 
41 64477102 
40 64501646 
39 64526783 
38 64552557 
37 64579020 
36 64606183 
35 64634028 
34 64662720 
33 64692188 
32 64722601 
31 64753930 
30 64786279 
29 64819699 
28 64854260 
27 64890041 
26 64927110 
25 64965585 
24 65005618 
23 65047302 
22 65090779 
21 65136212 
20 65183762 
19 65233696 
18 65286230 
17 65341667 
16 65400325 
15 65462563 
14 65528965 
13 65600065 
12 65676558 
11 65759266 
10 65849480 
9 65948584 
8 66058492 
7 66181996 
6 66322828 
5 66486694 
4 66682553 
3 66925968 
2 67247628 
1 67721537 
0 68621691 
1 69031990 
2 69932209 
3 70406101 
4 70727713 
5 70971167 
6 71167045 
7 71330855 
8 71471691 
9 71595201 
10 71705159 
11 71804285 
12 71894513 
13 71977303 
14 72053802 
15 72124862 
16 72191251 
17 72253531 
18 72312228 
19 72367626 
20 72420190 
21 72470136 
22 72517676 
23 72563111 
24 72606586 
25 72648271 
26 72688301 
27 72726750 
28 72763854 
29 72799625 
30 72834206 
31 72867689 
32 72900126 
33 72931524 
34 72961960 
35 72991500 
36 73020204 
37 73048105 
38 73075254 
39 73101627 
40 73127409 
41 73152623 
42 73177180 
43 73201167 
44 73224579 
45 73247490 
46 73269867 
47 73291759 
48 73313193 
49 73334134 
50 73354704 
51 73374863 
52 73394637 
53 73414025 
54 73433060 
55 73451753 
56 73470071 
57 73488101 
58 73505795 
59 73523214 
60 73540337 
61 73557179 
62 73573653 
63 73589902 
64 73605959 
65 73621700 
66 73637270 
67 73652604 
68 73667684 
69 73682582 
70 73697262 
71 73711697 
72 73725967 
73 73740042 
74 73753927 
75 73767634 
76 73781153 
77 73794491 
78 73807692 
79 73820702 
80 73833555 
81 73846265 
82 73858820 
83 73871214 
84 73883404 
85 73895528 
86 73907512 
87 73919356 
88 73931052 
89 73942608 
90 73954069 
91 73965341 
92 73976543 
93 73987636 
94 73998608 
95 74009414 
96 74020098 
97 74030640 
98 74041147 
99 74051550 
100 74061777 
101 74071941 
102 74082040 
103 74092007 
104 74101915 
105 74111704 
106 74121400 
107 74131032 
108 74140578 
109 74150037 
110 74159358 
111 74168645 
112 74177782 
113 74186877 
114 74195843 
115 74204794 
116 74213691 
117 74222495 
118 74231209 
119 74239886 
120 74248490 
121 74257000 
122 74265437 
123 74273829 
124 74282139 
125 74290377 
126 74298576 
127 74306714 
128 74314790 
129 74322807 
130 74330758 
131 74338632 
132 74346467 
133 74354245 
134 74361924 
135 74369590 
136 74377196 
137 74384744 
138 74392192 
139 74399637 
140 74407034 
141 74414380 
142 74421655 
143 74428900 
144 74436091 
145 74443216 
146 74450315 
147 74457367 
148 74464345 
149 74471301 
150 74478184 
151 74485052 
152 74491839 
153 74498615 
154 74505357 
155 74512054 
156 74518709 
157 74525284 
158 74531856 
159 74538351 
160 74544841 
161 74551290 
162 74557705 
163 74564081 
164 74570389 
164 74576688 
163 74582988 
162 74589327 
161 74595679 
160 74602093 
159 74608547 
158 74614981 
157 74621422 
156 74627980 
155 74634569 
154 74641205 
153 74647898 
152 74654637 
151 74661368 
150 74668157 
149 74675020 
148 74681901 
147 74688862 
146 74695869 
145 74702922 
144 74709956 
143 74717105 
142 74724263 
141 74731473 
140 74738770 
139 74746117 
138 74753514 
137 74760911 
136 74768409 
135 74775966 
134 74783555 
133 74791218 
132 74798943 
131 74806721 
130 74814505 
129 74822343 
128 74830295 
127 74838313 
126 74846390 
125 74854496 
124 74862669 
123 74870931 
122 74879264 
121 74887622 
120 74896084 
119 74904619 
118 74913171 
117 74921789 
116 74930536 
115 74939357 
114 74948254 
113 74957226 
112 74966234 
111 74975325 
110 74984495 
109 74993784 
108 75003158 
107 75012564 
106 75022054 
105 75031686 
104 75041373 
103 75051185 
102 75061073 
101 75071071 
100 75081171 
99 75091366 
98 75101665 
97 75112042 
96 75122523 
95 75133137 
94 75143880 
93 75154713 
92 75165639 
91 75176698 
90 75187846 
89 75199148 
88 75210510 
87 75222033 
86 75233718 
85 75245552 
84 75257517 
83 75269590 
82 75281763 
81 75294172 
80 75306759 
79 75319401 
78 75332259 
77 75345272 
76 75358455 
75 75371804 
74 75385310 
73 75398947 
72 75412801 
71 75426872 
70 75441144 
69 75455613 
68 75470290 
67 75485177 
66 75500287 
65 75515626 
64 75531192 
63 75547000 
62 75563022 
61 75579324 
60 75595893 
59 75612734 
58 75629858 
57 75647276 
56 75664995 
55 75683026 
54 75701377 
53 75720072 
52 75739113 
51 75758506 
50 75778227 
49 75798393 
48 75818963 
47 75839959 
46 75861399 
45 75883319 
44 75905710 
43 75928557 
42 75951957 
41 75975873 
40 76000427 
39 76025515 
38 76051295 
37 76077751 
36 76104957 
35 76132852 
34 76161600 
33 76191120 
32 76221553 
31 76252904 
30 76285229 
29 76318652 
28 76353214 
27 76388995 
26 76426061 
25 76464578 
24 76504597 
23 76546280 
22 76589694 
21 76635103 
20 76682662 
19 76732562 
18 76785121 
17 76840573 
16 76899289 
15 76961643 
14 77028051 
13 77099176 
12 77175606 
11 77258311 
10 77348536 
9 77447671 
8 77557614 
7 77681120 
6 77821982 
5 77985779 
4 78181648 
3 78425085 
2 78746735 
1 79220606 
0 80120806 
1 80531081 
2 81431307 
3 81905216 
4 82226884 
5 82470392 
6 82666241 
7 82830140 
8 82970999 
9 83094495 
10 83204467 
11 83303633 
12 83393807 
13 83476597 
14 83553092 
15 83624211 
16 83690614 
17 83752893 
18 83811552 
19 83867046 
20 83919606 
21 83969583 
22 84017212 
23 84062715 
24 84106196 
25 84147914 
26 84187925 
27 84226456 
28 84263550 
29 84299379 
30 84333958 
31 84367392 
32 84399757 
33 84431139 
34 84461537 
35 84491024 
36 84519689 
37 84547582 
38 84574667 
39 84601112 
40 84626897 
41 84652036 
42 84676571 
43 84700527 
44 84723929 
45 84746810 
46 84769154 
47 84791055 
48 84812487 
49 84833420 
50 84853978 
51 84874143 
52 84893879 
53 84913287 
54 84932283 
55 84950909 
56 84969271 
57 84987297 
58 85005015 
59 85022385 
60 85039509 
61 85056352 
62 85072936 
63 85089248 
64 85105297 
65 85121102 
66 85136667 
67 85151974 
68 85167099 
69 85181939 
70 85196610 
71 85211079 
72 85225280 
73 85239351 
74 85253236 
75 85266941 
76 85280396 
77 85293695 
78 85306822 
79 85319832 
80 85332680 
81 85345365 
82 85357906 
83 85370294 
84 85382532 
85 85394628 
86 85406586 
87 85418374 
88 85430062 
89 85441617 
90 85453019 
91 85464324 
92 85475460 
93 85486465 
94 85497376 
95 85508211 
96 85518930 
97 85529543 
98 85540049 
99 85550452 
100 85560754 
101 85570949 
102 85580993 
103 85590989 
104 85600897 
105 85610709 
106 85620429 
107 85630010 
108 85639524 
109 85648983 
110 85658353 
111 85667608 
112 85676750 
113 85685842 
114 85694862 
115 85703801 
116 85712694 
117 85721511 
118 85730225 
119 85738901 
120 85747505 
121 85756037 
122 85764500 
123 85772892 
124 85781219 
125 85789479 
126 85797681 
127 85805819 
128 85813894 
129 85821909 
130 85829863 
131 85837754 
132 85845589 
133 85853366 
134 85861086 
135 85868721 
136 85876264 
137 85883811 
138 85891315 
139 85898765 
140 85906164 
141 85913486 
142 85920783 
143 85928027 
144 85935204 
145 85942353 
146 85949453 
147 85956505 
148 85963511 
149 85970438 
150 85977351 
151 85984218 
152 85991042 
153 85997830 
154 86004538 
155 86011236 
156 86017895 
157 86024510 
158 86031080 
159 86037619 
160 86044109 
161 86050564 
162 86056977 
163 86063352 
164 86069695 
164 86075948 
163 86082227 
162 86088566 
161 86094944 
160 86101332 
159 86107787 
158 86114281 
157 86120814 
156 86127363 
155 86133975 
154 86140630 
153 86147328 
152 86154067 
151 86160849 
150 86167676 
149 86174546 
148 86181462 
147 86188420 
146 86195428 
145 86202482 
144 86209587 
143 86216733 
142 86223926 
141 86231105 
140 86238376 
139 86245722 
138 86253120 
137 86260566 
136 86268062 
135 86275566 
134 86283152 
133 86290817 
132 86298538 
131 86306315 
130 86314152 
129 86322047 
128 86330002 
127 86337983 
126 86346058 
125 86354195 
124 86362396 
123 86370628 
122 86378954 
121 86387348 
120 86395810 
119 86404344 
118 86412949 
117 86421623 
116 86430372 
115 86439194 
114 86448091 
113 86457062 
112 86466077 
111 86475155 
110 86484357 
109 86493647 
108 86503020 
107 86512476 
106 86521988 
105 86531619 
104 86541314 
103 86551128 
102 86561035 
101 86571032 
100 86581116 
99 86591319 
98 86601626 
97 86612037 
96 86622550 
95 86633170 
94 86643852 
93 86654682 
92 86665631 
91 86676695 
90 86687850 
89 86699154 
88 86710584 
87 86722142 
86 86733833 
85 86745654 
84 86757613 
83 86769654 
82 86781895 
81 86794281 
80 86806819 
79 86819511 
78 86832361 
77 86845372 
76 86858550 
75 86871898 
74 86885438 
73 86899141 
72 86913027 
71 86927119 
70 86941410 
69 86955868 
68 86970529 
67 86985415 
66 87000549 
65 87015889 
64 87031453 
63 87047268 
62 87063323 
61 87079628 
60 87096216 
59 87113071 
58 87130207 
57 87147632 
56 87165397 
55 87183457 
54 87201838 
53 87220530 
52 87239570 
51 87258963 
50 87278741 
49 87298903 
48 87319509 
47 87340546 
46 87362052 
45 87383989 
44 87406385 
43 87429309 
42 87452739 
41 87476718 
40 87501273 
39 87526393 
38 87552184 
37 87578685 
36 87605894 
35 87633802 
34 87662512 
33 87692001 
32 87722416 
31 87753738 
30 87786090 
29 87819496 
28 87854061 
27 87889845 
26 87926949 
25 87965476 
24 88005522 
23 88047212 
22 88090720 
21 88136174 
20 88183755 
19 88233653 
18 88286198 
17 88341634 
16 88400295 
15 88462562 
14 88528956 
13 88600084 
12 88676595 
11 88759327 
10 88849576 
9 88948736 
8 89058723 
7 89182263 
6 89323075 
5 89486915 
4 89682833 
3 89926255 
2 90247911 
1 90721863 
0 91622114 
1 92032438 
2 92932668 
3 93406561 
4 93728263 
5 93971746 
6 94167603 
7 94331522 
8 94472428 
9 94595954 
10 94705894 
11 94805005 
12 94895211 
13 94977949 
14 95054426 
15 95125473 
16 95191860 
17 95254082 
18 95312746 
19 95368142 
20 95420680 
21 95470619 
22 95518247 
23 95563747 
24 95607259 
25 95648949 
26 95688983 
27 95727514 
28 95764603 
29 95800344 
30 95834909 
31 95868335 
32 95900664 
33 95932036 
34 95962478 
35 95991990 
36 96020695 
37 96048648 
38 96075855 
39 96102283 
40 96128103 
41 96153334 
42 96177873 
43 96201861 
44 96225280 
45 96248141 
46 96270542 
47 96292429 
48 96313852 
49 96334853 
50 96355421 
51 96375555 
52 96395303 
53 96414704 
54 96433750 
55 96452445 
56 96470810 
57 96488860 
58 96506578 
59 96523962 
60 96541100 
61 96557971 
62 96574530 
63 96590839 
64 96606934 
65 96622778 
66 96638323 
67 96653664 
68 96668771 
69 96683653 
70 96698332 
71 96712805 
72 96727010 
73 96741087 
74 96754978 
75 96768660 
76 96782186 
77 96795534 
78 96808706 
79 96821702 
80 96834551 
81 96847258 
82 96859749 
83 96872131 
84 96884371 
85 96896469 
86 96908379 
87 96920198 
88 96931886 
89 96943457 
90 96954886 
91 96966170 
92 96977355 
93 96988420 
94 96999367 
95 97010179 
96 97020874 
97 97031487 
98 97041947 
99 97052370 
100 97062639 
101 97072834 
102 97082933 
103 97092934 
104 97102841 
105 97112655 
106 97122379 
107 97132010 
108 97141554 
109 97150992 
110 97160331 
111 97169588 
112 97178796 
113 97187922 
114 97196986 
115 97205925 
116 97214821 
117 97223641 
118 97232389 
119 97241064 
120 97249668 
121 97258166 
122 97266591 
123 97274914 
124 97283213 
125 97291476 
126 97299676 
127 97307786 
128 97315862 
129 97323877 
130 97331813 
131 97339686 
132 97347522 
133 97355299 
134 97363017 
135 97370681 
136 97378292 
137 97385844 
138 97393346 
139 97400795 
140 97408145 
141 97415466 
142 97422744 
143 97429989 
144 97437186 
145 97444331 
146 97451431 
147 97458437 
148 97465378 
149 97472307 
150 97479222 
151 97486057 
152 97492882 
153 97499659 
154 97506400 
155 97513071 
156 97519699 
157 97526313 
158 97532885 
159 97539421 
160 97545915 
161 97552369 
162 97558753 
163 97565069 
164 97571382 
165 97577684 
165 97583950 
164 97590217 
163 97596522 
162 97602860 
161 97609187 
160 97615579 
159 97622035 
158 97628529 
157 97635060 
156 97641634 
155 97648246 
154 97654901 
153 97661576 
152 97668248 
151 97675026 
150 97681833 
149 97688699 
148 97695612 
147 97702572 
146 97709527 
145 97716557 
144 97723653 
143 97730800 
142 97737996 
141 97745209 
140 97752499 
139 97759778 
138 97767102 
137 97774537 
136 97782039 
135 97789593 
134 97797204 
133 97804870 
132 97812588 
131 97820362 
130 97828198 
129 97836091 
128 97844043 
127 97852055 
126 97860081 
125 97868229 
124 97876424 
123 97884624 
122 97892956 
121 97901324 
120 97909735 
119 97918236 
118 97926835 
117 97935475 
116 97944221 
115 97953040 
114 97961933 
113 97970900 
112 97979946 
111 97989072 
110 97998281 
109 98007572 
108 98016945 
107 98026400 
106 98035945 
105 98045585 
104 98055305 
103 98065117 
102 98075018 
101 98084985 
100 98095086 
99 98105283 
98 98115583 
97 98125982 
96 98136488 
95 98147104 
94 98157792 
93 98168626 
92 98179557 
91 98190621 
90 98201733 
89 98213014 
88 98224437 
87 98235960 
86 98247619 
85 98259388 
84 98271340 
83 98283434 
82 98295676 
81 98308063 
80 98320602 
79 98333273 
78 98346122 
77 98359084 
76 98372259 
75 98385610 
74 98399093 
73 98412794 
72 98426680 
71 98440753 
70 98455022 
69 98469509 
68 98484187 
67 98499077 
66 98514197 
65 98529532 
64 98545095 
63 98560904 
62 98577018 
61 98593329 
60 98609903 
59 98626716 
58 98643836 
57 98661252 
56 98678967 
55 98696963 
54 98715316 
53 98733971 
52 98753009 
51 98772408 
50 98792149 
49 98812315 
48 98832883 
47 98853878 
46 98875276 
45 98897171 
44 98919553 
43 98942399 
42 98965804 
41 98989762 
40 99014294 
39 99039435 
38 99065213 
37 99091603 
36 99118749 
35 99146651 
34 99175336 
33 99204858 
32 99235223 
31 99266589 
30 99298952 
29 99332384 
28 99367024 
27 99402845 
26 99440000 
25 99478518 
24 99518575 
23 99560317 
22 99603827 
21 99649261 
20 99696849 
19 99746761 
18 99799268 
17 99854689 
16 99913306 
15 99975552 
14 100041941 
13 100113043 
12 100189543 
11 100272327 
10 100362560 
9 100461714 
8 100571662 
7 100695155 
6 100836051 
5 100999915 
4 101195813 
3 101439329 
2 101760967 
1 102234874 
0 103135090 
1 103545369 
2 104445614 
3 104919522 
4 105241178 
5 105484637 
6 105680522 
7 105844417 
8 105985314 
9 106108832 
10 106218763 
11 106317904 
12 106408182 
13 106491019 
14 106567493 
15 106638567 
16 106704986 
17 106767274 
18 106825943 
19 106881367 
20 106933878 
21 106983790 
22 107031355 
23 107076805 
24 107120291 
25 107161935 
26 107201903 
27 107240426 
28 107277461 
29 107313195 
30 107347719 
31 107381136 
32 107413461 
33 107444803 
34 107475225 
35 107504759 
36 107533427 
37 107561343 
38 107588500 
39 107614949 
40 107640733 
41 107665886 
42 107690425 
43 107714390 
44 107737774 
45 107760662 
46 107783021 
47 107804913 
48 107826311 
49 107847240 
50 107867817 
51 107887986 
52 107907761 
53 107927143 
54 107946149 
55 107964835 
56 107983165 
57 108001169 
58 108018887 
59 108036305 
60 108053430 
61 108070289 
62 108086867 
63 108103175 
64 108119244 
65 108135032 
66 108150594 
67 108165897 
68 108180996 
69 108195893 
70 108210588 
71 108225079 
72 108239333 
73 108253394 
74 108267279 
75 108280982 
76 108294505 
77 108307824 
78 108321001 
79 108333991 
80 108346813 
81 108359505 
82 108372061 
83 108384450 
84 108396664 
85 108408763 
86 108420736 
87 108432529 
88 108444214 
89 108455774 
90 108467217 
91 108478502 
92 108489728 
93 108500775 
94 108511741 
95 108522576 
96 108533279 
97 108543893 
98 108554399 
99 108564806 
100 108575102 
101 108585234 
102 108595308 
103 108605312 
104 108615234 
105 108625057 
106 108634791 
107 108644379 
108 108653923 
109 108663379 
110 108672769 
111 108682038 
112 108691240 
113 108700368 
114 108709415 
115 108718388 
116 108727261 
117 108736057 
118 108744803 
119 108753479 
120 108762083 
121 108770619 
122 108779083 
123 108787458 
124 108795786 
125 108804054 
126 108812255 
127 108820394 
128 108828445 
129 108836432 
130 108844387 
131 108852281 
132 108860135 
133 108867911 
134 108875587 
135 108883173 
136 108890775 
137 108898310 
138 108905813 
139 108913260 
140 108920659 
141 108927982 
142 108935251 
143 108942445 
144 108949639 
145 108956767 
146 108963864 
147 108970918 
148 108977921 
149 108984880 
150 108991766 
151 108998636 
152 109005459 
153 109012178 
154 109018919 
155 109025583 
156 109032193 
157 109038788 
158 109045360 
159 109051891 
160 109058352 
161 109064805 
162 109071220 
163 109077594 
164 109083903 
165 109090206 
165 109096471 
165 109102735 
164 109108964 
163 109115267 
162 109121607 
161 109127982 
160 109134372 
159 109140828 
158 109147297 
157 109153796 
156 109160366 
155 109166976 
154 109173631 
153 109180327 
152 109187065 
151 109193850 
150 109200678 
149 109207548 
148 109214462 
147 109221423 
146 109228428 
145 109235477 
144 109242576 
143 109249652 
142 109256847 
141 109264086 
140 109271379 
139 109278690 
138 109286053 
137 109293505 
136 109301007 
135 109308553 
134 109316164 
133 109323830 
132 109331551 
131 109339326 
130 109347160 
129 109355053 
128 109363009 
127 109371010 
126 109379088 
125 109387224 
124 109395395 
123 109403657 
122 109411990 
121 109420390 
120 109428859 
119 109437390 
118 109445957 
117 109454596 
116 109463286 
115 109472060 
114 109480951 
113 109489920 
112 109498971 
111 109508092 
110 109517300 
109 109526587 
108 109535958 
107 109545383 
106 109554923 
105 109564557 
104 109574245 
103 109584056 
102 109593929 
101 109603927 
100 109613992 
99 109624187 
98 109634485 
97 109644852 
96 109655356 
95 109665971 
94 109676694 
93 109687499 
92 109698447 
91 109709511 
90 109720698 
89 109732005 
88 109743379 
87 109754936 
86 109766570 
85 109778340 
84 109790266 
83 109802366 
82 109814608 
81 109826995 
80 109839533 
79 109852189 
78 109865040 
77 109878050 
76 109891228 
75 109904572 
74 109918008 
73 109931710 
72 109945570 
71 109959638 
70 109973907 
69 109988380 
68 110003056 
67 110017913 
66 110033024 
65 110048352 
64 110063916 
63 110079724 
62 110095748 
61 110112050 
60 110128623 
59 110145434 
58 110162562 
57 110179996 
56 110197655 
55 110215679 
54 110234040 
53 110252703 
52 110271742 
51 110291149 
50 110310915 
49 110331090 
48 110351718 
47 110372779 
46 110394272 
45 110416201 
44 110438581 
43 110461426 
42 110484793 
41 110508681 
40 110533194 
39 110558340 
38 110584124 
37 110610582 
36 110637788 
35 110665698 
34 110694400 
33 110723932 
32 110754319 
31 110785703 
30 110818034 
29 110851468 
28 110886052 
27 110921880 
26 110958985 
25 110997543 
24 111037663 
23 111079366 
22 111122847 
21 111168286 
20 111215897 
19 111265832 
18 111318443 
17 111373895 
16 111432554 
15 111494872 
14 111561280 
13 111632422 
12 111708880 
11 111791676 
10 111881898 
9 111981027 
8 112091012 
7 112214564 
6 112355467 
5 112519375 
4 112715306 
3 112958782 
2 113280416 
1 113754314 
0 114654520 
1 115064801 
2 115965048 
3 116438962 
4 116760617 
5 117004082 
6 117199962 
7 117363846 
8 117504709 
9 117628208 
10 117738231 
11 117837423 
12 117927646 
13 118010450 
14 118086955 
15 118158051 
16 118224491 
17 118286783 
18 118345450 
19 118400842 
20 118453376 
21 118503317 
22 118550908 
23 118596382 
24 118639926 
25 118681674 
26 118721731 
27 118760190 
28 118797214 
29 118832911 
30 118867398 
31 118900737 
32 118933003 
33 118964302 
34 118994630 
35 119024098 
36 119052698 
37 119080585 
38 119107740 
39 119134153 
40 119159928 
41 119185067 
42 119209573 
43 119233530 
44 119256931 
45 119279773 
46 119302114 
47 119324009 
48 119345392 
49 119366381 
50 119386948 
51 119407111 
52 119426885 
53 119446251 
54 119465286 
55 119483975 
56 119502293 
57 119520276 
58 119537990 
59 119555404 
60 119572552 
61 119589408 
62 119605981 
63 119622318 
64 119638386 
65 119654193 
66 119669758 
67 119685091 
68 119700205 
69 119715091 
70 119729707 
71 119744176 
72 119758445 
73 119772541 
74 119786378 
75 119800080 
76 119813548 
77 119826891 
78 119840067 
79 119853078 
80 119865876 
81 119878510 
82 119891048 
83 119903386 
84 119915594 
85 119927689 
86 119939648 
87 119951464 
88 119963150 
89 119974639 
90 119986044 
91 119997355 
92 120008468 
93 120019529 
94 120030455 
95 120041289 
96 120052010 
97 120062623 
98 120073126 
99 120083524 
100 120094170 
101 120104350 
102 120114451 
103 120124458 
104 120134326 
105 120144138 
106 120153860 
107 120163492 
108 120173037 
109 120182496 
110 120191802 
111 120201092 
112 120210238 
113 120219358 
114 120228379 
115 120237351 
116 120246246 
117 120255066 
118 120263813 
119 120272484 
120 120281039 
121 120289579 
122 120298047 
123 120306445 
124 120314776 
125 120323044 
126 120331245 
127 120339382 
128 120347458 
129 120355473 
130 120363390 
131 120371279 
132 120379087 
133 120386867 
134 120394587 
135 120402253 
136 120409807 
137 120417356 
138 120424851 
139 120432298 
140 120439693 
141 120447035 
142 120454297 
143 120461511 
144 120468672 
145 120475783 
146 120482884 
147 120489939 
148 120496942 
149 120503902 
150 120510782 
151 120517652 
152 120524479 
153 120531257 
154 120537959 
155 120544654 
156 120551305 
157 120557917 
158 120564492 
159 120571024 
160 120577454 
161 120583905 
162 120590320 
163 120596697 
164 120603036 
165 120609280 
165 120615544 
164 120621784 
163 120628086 
162 120634408 
161 120640785 
160 120647197 
159 120653651 
158 120660119 
157 120666651 
156 120673223 
155 120679833 
154 120686461 
153 120693159 
152 120699904 
151 120706689 
150 120713512 
149 120720380 
148 120727282 
147 120734209 
146 120741213 
145 120748263 
144 120755364 
143 120762513 
142 120769709 
141 120776924 
140 120784170 
139 120791514 
138 120798904 
137 120806353 
136 120813853 
135 120821407 
134 120829017 
133 120836683 
132 120844369 
131 120852149 
130 120859924 
129 120867816 
128 120875734 
127 120883749 
126 120891791 
125 120899928 
124 120908129 
123 120916391 
122 120924717 
121 120933118 
120 120941547 
119 120950081 
118 120958615 
117 120967210 
116 120975914 
115 120984735 
114 120993634 
113 121002604 
112 121011652 
111 121020777 
110 121029982 
109 121039273 
108 121048647 
107 121058104 
106 121067647 
105 121077277 
104 121086999 
103 121096782 
102 121106684 
101 121116687 
100 121126788 
99 121136985 
98 121147285 
97 121157653 
96 121168158 
95 121178773 
94 121189496 
93 121200331 
92 121211281 
91 121222349 
90 121233534 
89 121244836 
88 121256266 
87 121267795 
86 121279484 
85 121291255 
84 121303233 
83 121315346 
82 121327588 
81 121339975 
80 121352513 
79 121365202 
78 121378071 
77 121391088 
76 121404267 
75 121417622 
74 121431112 
73 121444811 
72 121458693 
71 121472782 
70 121487059 
69 121501532 
68 121516223 
67 121531137 
66 121546212 
65 121561576 
64 121577143 
63 121592917 
62 121608977 
61 121625309 
60 121641895 
59 121658738 
58 121675806 
57 121693228 
56 121710928 
55 121728969 
54 121747320 
53 121765973 
52 121784957 
51 121804356 
50 121824130 
49 121844260 
48 121864832 
47 121885798 
46 121907231 
45 121929060 
44 121951396 
43 121974289 
42 121997625 
41 122021513 
40 122046011 
39 122071150 
38 122096855 
37 122123231 
36 122150297 
35 122178107 
34 122206725 
33 122236214 
32 122266555 
31 122297895 
30 122330223 
29 122363640 
28 122398165 
27 122433946 
26 122471044 
25 122509569 
24 122549607 
23 122591293 
22 122634768 
21 122680136 
20 122727628 
19 122777476 
18 122829942 
17 122885293 
16 122943885 
15 123006128 
14 123072460 
13 123143479 
12 123219967 
11 123302693 
10 123392845 
9 123491960 
8 123601930 
7 123725425 
6 123866237 
5 124030054 
4 124225881 
3 124469332 
2 124790952 
1 125264845 
